start,end,eventtype,operationtype,time,ref.size
"""C:\Program Files\Google\Chrome\Application\chrome.exe"" http://afdd7e52.n61gft.shop/amagc
PID:620",C:\Users\jpdz\AppData\Local\Google\Chrome\User Data\Default\History-journal,FileEvent,Write,2021-10-08 17:15:10.183,57944
C:\Users\jpdz\AppData\Local\Google\Chrome\User Data\Default\History-journal,"""C:\Program Files\Google\Chrome\Application\chrome.exe"" http://afdd7e52.n61gft.shop/amagc
PID:620",FileEvent,Read,2021-10-08 17:15:20.203,8
C:\Users\jpdz\AppData\Local\Google\Chrome\User Data\CertificateRevocation\6921\manifest.json,"""C:\Program Files\Google\Chrome\Application\chrome.exe"" http://afdd7e52.n61gft.shop/amagc
PID:620",FileEvent,Read,2021-10-08 17:15:08.728,8192
"""C:\Program Files\Google\Chrome\Application\chrome.exe"" http://afdd7e52.n61gft.shop/amagc
PID:620",C:\Users\jpdz\AppData\Local\Google\Chrome\User Data\Default\data_reduction_proxy_leveldb\CURRENT~RF315b41.TMP,FileEvent,Delete,2021-10-08 17:15:37.259,0
C:\Users\jpdz\AppData\LocalLow\Microsoft\CryptnetUrlCache\MetaData\24BD96D5497F70B3F510A6B53CD43F3E_3A89246FB90C5EE6620004F1AE0EB0EA,"""C:\Program Files\Google\Chrome\Application\chrome.exe"" http://afdd7e52.n61gft.shop/amagc
PID:620",FileEvent,Read,2021-10-08 17:15:09.77,410
"""C:\Program Files\Google\Chrome\Application\chrome.exe"" http://afdd7e52.n61gft.shop/amagc
PID:620",C:\Users\jpdz\AppData\Local\Google\Chrome\User Data\chrome_shutdown_ms.txt,FileEvent,Delete,2021-10-08 17:15:33.751,0
C:\Users\jpdz\AppData\Local\Google\Chrome\User Data\PKIMetadata\51\manifest.fingerprint,"""C:\Program Files\Google\Chrome\Application\chrome.exe"" http://afdd7e52.n61gft.shop/amagc
PID:620",FileEvent,Read,2021-10-08 17:15:08.729,8192
"""C:\Program Files\Google\Chrome\Application\chrome.exe"" http://afdd7e52.n61gft.shop/amagc
PID:620",C:\Users\jpdz\AppData\Local\Google\Chrome\User Data\Default\6c4b2691-ba81-4bc9-9039-d84fb47f7f80.tmp,FileEvent,Write,2021-10-08 17:15:08.855,7000
C:\Users\jpdz\AppData\Local\Google\Chrome\User Data\Default\Web Data,"""C:\Program Files\Google\Chrome\Application\chrome.exe"" http://afdd7e52.n61gft.shop/amagc
PID:620",FileEvent,Read,2021-10-08 17:15:08.737,16484
C:\Users\jpdz\AppData\Local\Google\Chrome\User Data\ThirdPartyModuleList32\2018.7.19.1\manifest.fingerprint,"""C:\Program Files\Google\Chrome\Application\chrome.exe"" http://afdd7e52.n61gft.shop/amagc
PID:620",FileEvent,Read,2021-10-08 17:15:08.729,8192
"""C:\Program Files\Google\Chrome\Application\chrome.exe"" http://afdd7e52.n61gft.shop/amagc
PID:620",C:\Users\jpdz\AppData\Local\Google\Chrome\User Data\Default\AutofillStrikeDatabase\LOG.old~RF314fa8.TMP,FileEvent,Delete,2021-10-08 17:15:34.327,0
"""C:\Program Files\Google\Chrome\Application\chrome.exe"" http://afdd7e52.n61gft.shop/amagc
PID:620",C:\Users\jpdz\AppData\Local\Google\Chrome\User Data\Default\Sessions\Session_13279075922224021,FileEvent,Write,2021-10-08 17:15:11.210,11341
C:\Users\jpdz\AppData\Local\Google\Chrome\User Data\Default\Sessions\Session_13279022487986185,"""C:\Program Files\Google\Chrome\Application\chrome.exe"" http://afdd7e52.n61gft.shop/amagc
PID:620",FileEvent,Read,2021-10-08 17:15:11.210,3812
C:\Users\jpdz\AppData\Local\Google\Chrome\User Data\Default\Sync Data\LevelDB\MANIFEST-000001,"""C:\Program Files\Google\Chrome\Application\chrome.exe"" http://afdd7e52.n61gft.shop/amagc
PID:620",FileEvent,Read,2021-10-08 17:15:08.720,32768
"""C:\Program Files\Google\Chrome\Application\chrome.exe"" http://afdd7e52.n61gft.shop/amagc
PID:620",C:\Users\jpdz\AppData\Local\Google\Chrome\User Data\Default\shared_proto_db\metadata\LOG.old~RF315044.TMP,FileEvent,Delete,2021-10-08 17:15:34.486,0
C:\Users\jpdz\AppData\LocalLow\Microsoft\CryptnetUrlCache\Content\A053CFB63FC8E6507871752236B5CCD5_108038BF2236B917DD84AFB9E79B23DF,"""C:\Program Files\Google\Chrome\Application\chrome.exe"" http://afdd7e52.n61gft.shop/amagc
PID:620",FileEvent,Read,2021-10-08 17:15:11.634,1490
"""C:\Program Files\Google\Chrome\Application\chrome.exe"" http://afdd7e52.n61gft.shop/amagc
PID:620",C:\Users\jpdz\AppData\Local\Google\Chrome\User Data\Default\History,FileEvent,Write,2021-10-08 17:15:22.21,36864
C:\Users\jpdz\AppData\Local\Google\Chrome\User Data\Default\History,"""C:\Program Files\Google\Chrome\Application\chrome.exe"" http://afdd7e52.n61gft.shop/amagc
PID:620",FileEvent,Read,2021-10-08 17:15:08.705,2121976
C:\Users\jpdz\AppData\Local\Google\Chrome\User Data\OptimizationHints\302\manifest.json,"""C:\Program Files\Google\Chrome\Application\chrome.exe"" http://afdd7e52.n61gft.shop/amagc
PID:620",FileEvent,Read,2021-10-08 17:15:08.726,8192
"""C:\Program Files\Google\Chrome\Application\chrome.exe"" http://afdd7e52.n61gft.shop/amagc
PID:620","""C:\Program Files\Google\Chrome\Application\chrome.exe"" --type=gpu-process --field-trial-handle=1024,1296335821838755594,16912037217022600300,131072 --gpu-preferences=UAAAAAAAAADgAAAIAAAAAAAAAAAAAAAAAABgAIAAAAAwAAAAAAAAAAAAAAAAAAAAAAAAAAAAAAAAAAAAAAAAAHgAAAAAAAAAeAAAAAAAAAAoAAAABAAAACAAAAAAAAAAKAAAAAAAAAAwAAAAAAAAADgAAAAAAAAAEAAAAAAAAAAAAAAADQAAABAAAAAAAAAAAQAAAA0AAAAQAAAAAAAAAAQAAAANAAAAEAAAAAAAAAAHAAAADQAAAAgAAAAAAAAACAAAAAAAAAA= --mojo-platform-channel-handle=1056 /prefetch:2
PID:2476",ProcessEvent,Stop,2021-10-08 17:15:10.16,
C:\Users\jpdz\AppData\LocalLow\Microsoft\CryptnetUrlCache\Content\ACF244F1A10D4DBED0D88EBA0C43A9B5_16756CC7371BB76A269719AA1471E96C,"""C:\Program Files\Google\Chrome\Application\chrome.exe"" http://afdd7e52.n61gft.shop/amagc
PID:620",FileEvent,Read,2021-10-08 17:15:11.632,1442
"""C:\Program Files\Google\Chrome\Application\chrome.exe"" http://afdd7e52.n61gft.shop/amagc
PID:620","""C:\Program Files\Google\Chrome\Application\chrome.exe"" --type=gpu-process --field-trial-handle=1024,1296335821838755594,16912037217022600300,131072 --gpu-preferences=UAAAAAAAAADgAAAIAAAAAAAAAAAAAAAAAABgAIAAAAAwAAAAAAAAAAAAAAAAAAAAAAAAAAAAAAAAAAAAAAAAAHgAAAAAAAAAeAAAAAAAAAAoAAAABAAAACAAAAAAAAAAKAAAAAAAAAAwAAAAAAAAADgAAAAAAAAAEAAAAAAAAAAAAAAADQAAABAAAAAAAAAAAQAAAA0AAAAQAAAAAAAAAAQAAAANAAAAEAAAAAAAAAAHAAAADQAAAAgAAAAAAAAACAAAAAAAAAA= --mojo-platform-channel-handle=1056 /prefetch:2
PID:2476",ProcessEvent,Create,2021-10-08 17:15:08.698,
"""C:\Program Files\Google\Chrome\Application\chrome.exe"" http://afdd7e52.n61gft.shop/amagc
PID:620",C:\Users\jpdz\AppData\Local\Google\Chrome\User Data\Default\Feature Engagement Tracker\EventDB\LOG.old~RF315044.TMP,FileEvent,Delete,2021-10-08 17:15:34.481,0
C:\Users\jpdz\AppData\Local\Google\Chrome\User Data\pnacl\0.57.44.2492\_platform_specific\x86_32\pnacl_public_pnacl_json,"""C:\Program Files\Google\Chrome\Application\chrome.exe"" http://afdd7e52.n61gft.shop/amagc
PID:620",FileEvent,Read,2021-10-08 17:15:08.726,8192
"""C:\Program Files\Google\Chrome\Application\chrome.exe"" http://afdd7e52.n61gft.shop/amagc
PID:620","""C:\Program Files\Google\Chrome\Application\chrome.exe"" --type=crashpad-handler ""--user-data-dir=C:\Users\jpdz\AppData\Local\Google\Chrome\User Data"" /prefetch:7 --monitor-self-annotation=ptype=crashpad-handler ""--database=C:\Users\jpdz\AppData\Local\Google\Chrome\User Data\Crashpad"" --url=https://clients2.google.com/cr/report --annotation=channel= --annotation=plat=Win32 --annotation=prod=Chrome --annotation=ver=94.0.4606.81 --initial-client-data=0xa0,0xac,0xb0,0x74,0xb4,0x6eb43708,0x6eb43718,0x6eb43724
PID:2760",ProcessEvent,Create,2021-10-08 17:15:08.611,
C:\Users\jpdz\AppData\Local\Google\Chrome\User Data\Default\GPUCache\index,"""C:\Program Files\Google\Chrome\Application\chrome.exe"" http://afdd7e52.n61gft.shop/amagc
PID:620",FileEvent,Read,2021-10-08 17:15:08.813,266608
C:\Users\jpdz\AppData\Local\Google\Chrome\User Data\DesktopSharingHub\20210813.1\manifest.fingerprint,"""C:\Program Files\Google\Chrome\Application\chrome.exe"" http://afdd7e52.n61gft.shop/amagc
PID:620",FileEvent,Read,2021-10-08 17:15:08.730,8192
C:\Users\jpdz\AppData\Local\Google\Chrome\User Data\Default\Code Cache\js\index,"""C:\Program Files\Google\Chrome\Application\chrome.exe"" http://afdd7e52.n61gft.shop/amagc
PID:620",FileEvent,Read,2021-10-08 17:15:08.704,24
C:\Users\jpdz\AppData\Local\Google\Chrome\User Data\Default\Bookmarks,"""C:\Program Files\Google\Chrome\Application\chrome.exe"" http://afdd7e52.n61gft.shop/amagc
PID:620",FileEvent,Read,2021-10-08 17:15:08.704,8192
C:\Users\jpdz\AppData\Local\Google\Chrome\User Data\GrShaderCache\GPUCache\data_2,"""C:\Program Files\Google\Chrome\Application\chrome.exe"" http://afdd7e52.n61gft.shop/amagc
PID:620",FileEvent,Read,2021-10-08 17:15:10.176,8192
"""C:\Program Files\Google\Chrome\Application\chrome.exe"" http://afdd7e52.n61gft.shop/amagc
PID:620",C:\Users\jpdz\AppData\Local\Google\Chrome\User Data\731579a5-c96d-450c-9fe6-6fe18fcbdefd.tmp,FileEvent,Write,2021-10-08 17:15:18.757,88220
C:\Users\jpdz\AppData\Local\Google\Chrome\User Data\Default\Secure Preferences,"""C:\Program Files\Google\Chrome\Application\chrome.exe"" http://afdd7e52.n61gft.shop/amagc
PID:620",FileEvent,Read,2021-10-08 17:15:08.698,20480
C:\Users\jpdz\AppData\LocalLow\Microsoft\CryptnetUrlCache\Content\CAF4703619713E3F18D8A9D5D88D6288_A7725538C46DE2D0088EE44974E2CEBA,"""C:\Program Files\Google\Chrome\Application\chrome.exe"" http://afdd7e52.n61gft.shop/amagc
PID:620",FileEvent,Read,2021-10-08 17:15:09.79,724
"""C:\Program Files\Google\Chrome\Application\chrome.exe"" http://afdd7e52.n61gft.shop/amagc
PID:620",C:\Users\jpdz\AppData\Local\Google\Chrome\User Data\Default\data_reduction_proxy_leveldb\MANIFEST-000008,FileEvent,Delete,2021-10-08 17:15:37.395,0
C:\Users\jpdz\AppData\Local\Google\Chrome\User Data\Subresource Filter\Unindexed Rules\9.30.0\manifest.fingerprint,"""C:\Program Files\Google\Chrome\Application\chrome.exe"" http://afdd7e52.n61gft.shop/amagc
PID:620",FileEvent,Read,2021-10-08 17:15:08.726,8192
C:\Users\jpdz\AppData\Local\Google\Chrome\User Data\ShaderCache\GPUCache\data_3,"""C:\Program Files\Google\Chrome\Application\chrome.exe"" http://afdd7e52.n61gft.shop/amagc
PID:620",FileEvent,Read,2021-10-08 17:15:10.17,8192
"""C:\Program Files\Google\Chrome\Application\chrome.exe"" http://afdd7e52.n61gft.shop/amagc
PID:620",C:\Users\jpdz\AppData\Local\Google\Chrome\User Data\Default\optimization_guide_model_and_features_store\LOG.old~RF314fa8.TMP,FileEvent,Delete,2021-10-08 17:15:34.326,0
"""C:\Program Files\Google\Chrome\Application\chrome.exe"" http://afdd7e52.n61gft.shop/amagc
PID:620",C:\Users\jpdz\AppData\Local\Google\Chrome\User Data\Default\shared_proto_db\LOG.old~RF315054.TMP,FileEvent,Delete,2021-10-08 17:15:34.489,0
"""C:\Program Files\Google\Chrome\Application\chrome.exe"" http://afdd7e52.n61gft.shop/amagc
PID:620",C:\Users\jpdz\AppData\Local\Google\Chrome\User Data\Default\Code Cache\js\d230a991b94b1eaa_0,FileEvent,Write,2021-10-08 17:15:10.446,410
C:\Users\jpdz\AppData\Local\Google\Chrome\User Data\DesktopSharingHub\20210813.1\manifest.json,"""C:\Program Files\Google\Chrome\Application\chrome.exe"" http://afdd7e52.n61gft.shop/amagc
PID:620",FileEvent,Read,2021-10-08 17:15:08.730,8192
C:\Users\jpdz\AppData\Local\Google\Chrome\User Data\AutofillRegex\2021.8.17.1300\manifest.fingerprint,"""C:\Program Files\Google\Chrome\Application\chrome.exe"" http://afdd7e52.n61gft.shop/amagc
PID:620",FileEvent,Read,2021-10-08 17:15:08.735,8192
C:\Users\jpdz\AppData\Local\Google\Chrome\User Data\ZxcvbnData\1\manifest.json,"""C:\Program Files\Google\Chrome\Application\chrome.exe"" http://afdd7e52.n61gft.shop/amagc
PID:620",FileEvent,Read,2021-10-08 17:15:08.730,8192
C:\Users\jpdz\AppData\Local\Google\Chrome\User Data\ZxcvbnData\1\manifest.fingerprint,"""C:\Program Files\Google\Chrome\Application\chrome.exe"" http://afdd7e52.n61gft.shop/amagc
PID:620",FileEvent,Read,2021-10-08 17:15:08.731,8192
"""C:\Program Files\Google\Chrome\Application\chrome.exe"" http://afdd7e52.n61gft.shop/amagc
PID:620",C:\Users\jpdz\AppData\Local\Google\Chrome\User Data\Default\Site Characteristics Database\LOG.old~RF30ebdd.TMP,FileEvent,Delete,2021-10-08 17:15:08.787,0
"""C:\Program Files\Google\Chrome\Application\chrome.exe"" http://afdd7e52.n61gft.shop/amagc
PID:620",C:\Users\jpdz\AppData\Local\Google\Chrome\User Data\Default\585997f7-3254-4852-87ab-64cb4c8adfb2.tmp,FileEvent,Delete,2021-10-08 17:15:08.722,0
"""C:\Program Files\Google\Chrome\Application\chrome.exe"" http://afdd7e52.n61gft.shop/amagc
PID:620",C:\Users\jpdz\AppData\Local\Google\Chrome\User Data\Default\585997f7-3254-4852-87ab-64cb4c8adfb2.tmp,FileEvent,Write,2021-10-08 17:15:08.721,1
C:\Users\jpdz\AppData\Local\Google\Chrome\User Data\ShaderCache\GPUCache\index,"""C:\Program Files\Google\Chrome\Application\chrome.exe"" http://afdd7e52.n61gft.shop/amagc
PID:620",FileEvent,Read,2021-10-08 17:15:10.17,266608
C:\Users\jpdz\AppData\Local\Google\Chrome\User Data\ShaderCache\GPUCache\data_1,"""C:\Program Files\Google\Chrome\Application\chrome.exe"" http://afdd7e52.n61gft.shop/amagc
PID:620",FileEvent,Read,2021-10-08 17:15:10.17,8704
C:\Users\jpdz\AppData\Local\Google\Chrome\User Data\ShaderCache\GPUCache\data_0,"""C:\Program Files\Google\Chrome\Application\chrome.exe"" http://afdd7e52.n61gft.shop/amagc
PID:620",FileEvent,Read,2021-10-08 17:15:10.17,16384
C:\Users\jpdz\AppData\Local\Google\Chrome\User Data\GrShaderCache\GPUCache\data_0,"""C:\Program Files\Google\Chrome\Application\chrome.exe"" http://afdd7e52.n61gft.shop/amagc
PID:620",FileEvent,Read,2021-10-08 17:15:10.176,16384
C:\Users\jpdz\AppData\LocalLow\Microsoft\CryptnetUrlCache\MetaData\A16C6C16D94F76E0808C087DFC657D99_6E3B293BC75A798BFF07CE90C43DFD32,"""C:\Program Files\Google\Chrome\Application\chrome.exe"" http://afdd7e52.n61gft.shop/amagc
PID:620",FileEvent,Read,2021-10-08 17:15:11.718,410
C:\Users\jpdz\AppData\Local\Google\Chrome\User Data\Default\Favicons,"""C:\Program Files\Google\Chrome\Application\chrome.exe"" http://afdd7e52.n61gft.shop/amagc
PID:620",FileEvent,Read,2021-10-08 17:15:08.745,2103396
"""C:\Program Files\Google\Chrome\Application\chrome.exe"" http://afdd7e52.n61gft.shop/amagc
PID:620",C:\Users\jpdz\AppData\Local\Google\Chrome\User Data\Default\data_reduction_proxy_leveldb\000009.log,FileEvent,Delete,2021-10-08 17:15:37.394,0
C:\Users\jpdz\AppData\Local\Google\Chrome\User Data\MEIPreload\1.0.6.0\manifest.json,"""C:\Program Files\Google\Chrome\Application\chrome.exe"" http://afdd7e52.n61gft.shop/amagc
PID:620",FileEvent,Read,2021-10-08 17:15:08.729,8192
C:\Users\jpdz\AppData\Local\Google\Chrome\User Data\SwReporter\93.269.200\manifest.json,"""C:\Program Files\Google\Chrome\Application\chrome.exe"" http://afdd7e52.n61gft.shop/amagc
PID:620",FileEvent,Read,2021-10-08 17:15:08.729,8192
C:\Users\jpdz\AppData\Local\Google\Chrome\User Data\Default\Code Cache\wasm\index,"""C:\Program Files\Google\Chrome\Application\chrome.exe"" http://afdd7e52.n61gft.shop/amagc
PID:620",FileEvent,Read,2021-10-08 17:15:08.704,24
"""C:\Program Files\Google\Chrome\Application\chrome.exe"" http://afdd7e52.n61gft.shop/amagc
PID:620",C:\Users\jpdz\AppData\Local\Google\Chrome\User Data\Default\Download Service\EntryDB\LOG.old~RF31513e.TMP,FileEvent,Delete,2021-10-08 17:15:34.727,0
C:\Users\jpdz\AppData\Local\Google\Chrome\User Data\Default\GPUCache\data_1,"""C:\Program Files\Google\Chrome\Application\chrome.exe"" http://afdd7e52.n61gft.shop/amagc
PID:620",FileEvent,Read,2021-10-08 17:15:08.814,8704
"""C:\Program Files\Google\Chrome\Application\chrome.exe"" http://afdd7e52.n61gft.shop/amagc
PID:620",C:\Users\jpdz\AppData\Local\Google\Chrome\User Data\Local State~RF314f79.TMP,FileEvent,Delete,2021-10-08 17:15:34.272,0
C:\Windows\system32\drivers\etc\hosts,"""C:\Program Files\Google\Chrome\Application\chrome.exe"" http://afdd7e52.n61gft.shop/amagc
PID:620",FileEvent,Read,2021-10-08 17:15:08.690,8192
"""C:\Program Files\Google\Chrome\Application\chrome.exe"" http://afdd7e52.n61gft.shop/amagc
PID:620",C:\Users\jpdz\AppData\Local\Google\Chrome\User Data\Default\Code Cache\js\index-dir\temp-index,FileEvent,Write,2021-10-08 17:15:31.856,168
C:\Users\jpdz\AppData\LocalLow\Microsoft\CryptnetUrlCache\MetaData\ACF244F1A10D4DBED0D88EBA0C43A9B5_16756CC7371BB76A269719AA1471E96C,"""C:\Program Files\Google\Chrome\Application\chrome.exe"" http://afdd7e52.n61gft.shop/amagc
PID:620",FileEvent,Read,2021-10-08 17:15:11.632,492
C:\Users\jpdz\AppData\LocalLow\Microsoft\CryptnetUrlCache\Content\F07644E38ED7C9F37D11EEC6D4335E02_BE9EEF936EC97838527255B8F50AE885,"""C:\Program Files\Google\Chrome\Application\chrome.exe"" http://afdd7e52.n61gft.shop/amagc
PID:620",FileEvent,Read,2021-10-08 17:15:09.81,472
C:\Users\jpdz\AppData\Local\Google\Chrome\User Data\SwReporter\93.269.200\manifest.fingerprint,"""C:\Program Files\Google\Chrome\Application\chrome.exe"" http://afdd7e52.n61gft.shop/amagc
PID:620",FileEvent,Read,2021-10-08 17:15:08.729,8192
"""C:\Program Files\Google\Chrome\Application\chrome.exe"" http://afdd7e52.n61gft.shop/amagc
PID:620",C:\Users\jpdz\AppData\Local\Google\Chrome\User Data\Default\Code Cache\js\0a9d6f74d2cde3ba_0,FileEvent,Write,2021-10-08 17:15:11.133,418
"""C:\Program Files\Google\Chrome\Application\chrome.exe"" http://afdd7e52.n61gft.shop/amagc
PID:620","""C:\Program Files\Google\Chrome\Application\chrome.exe"" --type=utility --utility-sub-type=data_decoder.mojom.DataDecoderService --field-trial-handle=1024,1296335821838755594,16912037217022600300,131072 --lang=zh-CN --service-sandbox-type=service --mojo-platform-channel-handle=3504 /prefetch:8
PID:3248",ProcessEvent,Create,2021-10-08 17:15:34.319,
C:\Users\jpdz\AppData\Local\Google\Chrome\User Data\Default\Site Characteristics Database\000003.log,"""C:\Program Files\Google\Chrome\Application\chrome.exe"" http://afdd7e52.n61gft.shop/amagc
PID:620",FileEvent,Read,2021-10-08 17:15:08.788,32768
C:\Users\jpdz\AppData\Local\Google\Chrome\User Data\Crowd Deny\2021.10.11.1142\manifest.fingerprint,"""C:\Program Files\Google\Chrome\Application\chrome.exe"" http://afdd7e52.n61gft.shop/amagc
PID:620",FileEvent,Read,2021-10-08 17:15:08.730,8192
C:\Users\jpdz\AppData\Local\Google\Chrome\User Data\Crashpad\settings.dat,"""C:\Program Files\Google\Chrome\Application\chrome.exe"" http://afdd7e52.n61gft.shop/amagc
PID:620",FileEvent,Read,2021-10-08 17:15:08.618,160
"""C:\Program Files\Google\Chrome\Application\chrome.exe"" http://afdd7e52.n61gft.shop/amagc
PID:620",C:\Users\jpdz\AppData\Local\Google\Chrome\User Data\Crashpad\settings.dat,FileEvent,Write,2021-10-08 17:15:08.618,240
C:\Users\jpdz\AppData\Local\Google\Chrome\User Data\ClientSidePhishing\25.3\manifest.fingerprint,"""C:\Program Files\Google\Chrome\Application\chrome.exe"" http://afdd7e52.n61gft.shop/amagc
PID:620",FileEvent,Read,2021-10-08 17:15:08.736,8192
"""C:\Program Files\Google\Chrome\Application\chrome.exe"" http://afdd7e52.n61gft.shop/amagc
PID:620",C:\Users\jpdz\AppData\Local\Google\Chrome\User Data\95c34e51-e712-4c1f-940f-c38436c2ab7b.tmp,FileEvent,Write,2021-10-08 17:15:08.724,48969
C:\Users\jpdz\AppData\Local\Google\Chrome\User Data\Default\GPUCache\data_2,"""C:\Program Files\Google\Chrome\Application\chrome.exe"" http://afdd7e52.n61gft.shop/amagc
PID:620",FileEvent,Read,2021-10-08 17:15:08.814,8192
C:\Users\jpdz\AppData\Local\Google\Chrome\User Data\AutofillStates\2020.11.2.164946\manifest.fingerprint,"""C:\Program Files\Google\Chrome\Application\chrome.exe"" http://afdd7e52.n61gft.shop/amagc
PID:620",FileEvent,Read,2021-10-08 17:15:08.735,8192
C:\Users\jpdz\AppData\Local\Google\Chrome\User Data\SSLErrorAssistant\7\manifest.json,"""C:\Program Files\Google\Chrome\Application\chrome.exe"" http://afdd7e52.n61gft.shop/amagc
PID:620",FileEvent,Read,2021-10-08 17:15:08.727,8192
"""C:\Program Files\Google\Chrome\Application\chrome.exe"" http://afdd7e52.n61gft.shop/amagc
PID:620",C:\Users\jpdz\AppData\Local\Google\Chrome\User Data\Default\BudgetDatabase\LOG.old~RF315044.TMP,FileEvent,Delete,2021-10-08 17:15:34.483,0
C:\Users\jpdz\AppData\Local\Google\Chrome\User Data\hyphen-data\97.0.4673.0\manifest.json,"""C:\Program Files\Google\Chrome\Application\chrome.exe"" http://afdd7e52.n61gft.shop/amagc
PID:620",FileEvent,Read,2021-10-08 17:15:08.730,8192
C:\Users\jpdz\AppData\Local\Google\Chrome\User Data\BrowserMetrics\BrowserMetrics-616E0D4F-26C.pma,"""C:\Program Files\Google\Chrome\Application\chrome.exe"" http://afdd7e52.n61gft.shop/amagc
PID:620",FileEvent,Read,2021-10-08 17:15:08.676,196608
"""C:\Program Files\Google\Chrome\Application\chrome.exe"" http://afdd7e52.n61gft.shop/amagc
PID:620",C:\Users\jpdz\AppData\Local\Google\Chrome\User Data\BrowserMetrics\BrowserMetrics-616E0D4F-26C.pma,FileEvent,Delete,2021-10-08 17:15:33.750,0
"""C:\Program Files\Google\Chrome\Application\chrome.exe"" http://afdd7e52.n61gft.shop/amagc
PID:620","""C:\Program Files\Google\Chrome\Application\chrome.exe"" --type=utility --utility-sub-type=network.mojom.NetworkService --field-trial-handle=1024,1296335821838755594,16912037217022600300,131072 --lang=zh-CN --service-sandbox-type=none --mojo-platform-channel-handle=1296 /prefetch:8
PID:988",ProcessEvent,Create,2021-10-08 17:15:08.699,
C:\Users\jpdz\AppData\Local\Google\Chrome\User Data\Default\Extension State\000003.log,"""C:\Program Files\Google\Chrome\Application\chrome.exe"" http://afdd7e52.n61gft.shop/amagc
PID:620",FileEvent,Read,2021-10-08 17:15:08.854,32768
"""C:\Program Files\Google\Chrome\Application\chrome.exe"" http://afdd7e52.n61gft.shop/amagc
PID:620",C:\Users\jpdz\AppData\Local\Google\Chrome\User Data\Default\Extension State\LOG,FileEvent,Write,2021-10-08 17:15:08.854,493
C:\Users\jpdz\AppData\Local\Google\Chrome\User Data\SSLErrorAssistant\7\manifest.fingerprint,"""C:\Program Files\Google\Chrome\Application\chrome.exe"" http://afdd7e52.n61gft.shop/amagc
PID:620",FileEvent,Read,2021-10-08 17:15:08.727,8192
C:\Users\jpdz\AppData\Local\Google\Chrome\User Data\Default\GPUCache\data_3,"""C:\Program Files\Google\Chrome\Application\chrome.exe"" http://afdd7e52.n61gft.shop/amagc
PID:620",FileEvent,Read,2021-10-08 17:15:08.814,8192
C:\Users\jpdz\AppData\Local\Google\Chrome\User Data\Default\Extension State\CURRENT,"""C:\Program Files\Google\Chrome\Application\chrome.exe"" http://afdd7e52.n61gft.shop/amagc
PID:620",FileEvent,Read,2021-10-08 17:15:08.854,16384
C:\Users\jpdz\AppData\LocalLow\Microsoft\CryptnetUrlCache\MetaData\F07644E38ED7C9F37D11EEC6D4335E02_BE9EEF936EC97838527255B8F50AE885,"""C:\Program Files\Google\Chrome\Application\chrome.exe"" http://afdd7e52.n61gft.shop/amagc
PID:620",FileEvent,Read,2021-10-08 17:15:09.81,406
C:\Users\jpdz\AppData\LocalLow\Microsoft\CryptnetUrlCache\MetaData\A053CFB63FC8E6507871752236B5CCD5_108038BF2236B917DD84AFB9E79B23DF,"""C:\Program Files\Google\Chrome\Application\chrome.exe"" http://afdd7e52.n61gft.shop/amagc
PID:620",FileEvent,Read,2021-10-08 17:15:11.634,540
C:\Windows\Prefetch\CHROME.EXE-5A1054AF.pf,"""C:\Program Files\Google\Chrome\Application\chrome.exe"" http://afdd7e52.n61gft.shop/amagc
PID:620",FileEvent,Read,2021-10-08 17:15:08.490,18170
"""C:\Program Files\Google\Chrome\Application\chrome.exe"" http://afdd7e52.n61gft.shop/amagc
PID:620",C:\Users\jpdz\AppData\Local\Google\Chrome\User Data\Local State~RF311e57.TMP,FileEvent,Delete,2021-10-08 17:15:21.854,0
C:\Users\jpdz\AppData\Local\Google\Chrome\User Data\FileTypePolicies\45\manifest.fingerprint,"""C:\Program Files\Google\Chrome\Application\chrome.exe"" http://afdd7e52.n61gft.shop/amagc
PID:620",FileEvent,Read,2021-10-08 17:15:08.728,8192
C:\Users\jpdz\AppData\Local\Google\Chrome\User Data\Default\Sync Data\LevelDB\CURRENT,"""C:\Program Files\Google\Chrome\Application\chrome.exe"" http://afdd7e52.n61gft.shop/amagc
PID:620",FileEvent,Read,2021-10-08 17:15:08.720,16384
C:\Users\jpdz\AppData\Local\Google\Chrome\User Data\Last Version,"""C:\Program Files\Google\Chrome\Application\chrome.exe"" http://afdd7e52.n61gft.shop/amagc
PID:620",FileEvent,Read,2021-10-08 17:15:08.694,8192
"""C:\Program Files\Google\Chrome\Application\chrome.exe"" http://afdd7e52.n61gft.shop/amagc
PID:620",C:\Users\jpdz\AppData\Local\Google\Chrome\User Data\Last Version,FileEvent,Write,2021-10-08 17:15:08.694,12
C:\Users\jpdz\AppData\Local\Google\Chrome\User Data\ThirdPartyModuleList32\2018.7.19.1\manifest.json,"""C:\Program Files\Google\Chrome\Application\chrome.exe"" http://afdd7e52.n61gft.shop/amagc
PID:620",FileEvent,Read,2021-10-08 17:15:08.729,8192
C:\Users\jpdz\AppData\Local\Google\Chrome\User Data\Default\Login Data For Account,"""C:\Program Files\Google\Chrome\Application\chrome.exe"" http://afdd7e52.n61gft.shop/amagc
PID:620",FileEvent,Read,2021-10-08 17:15:08.723,12388
C:\Users\jpdz\AppData\Local\Google\Chrome\User Data\PKIMetadata\51\manifest.json,"""C:\Program Files\Google\Chrome\Application\chrome.exe"" http://afdd7e52.n61gft.shop/amagc
PID:620",FileEvent,Read,2021-10-08 17:15:08.729,8192
"""C:\Program Files\Google\Chrome\Application\chrome.exe"" http://afdd7e52.n61gft.shop/amagc
PID:620",C:\Users\jpdz\AppData\Local\Google\Chrome\User Data\Default\Sync Data\LevelDB\LOG.old~RF30ebed.TMP,FileEvent,Delete,2021-10-08 17:15:08.720,0
C:\Users\jpdz\AppData\Local\Google\Chrome\User Data\Default\Login Data,"""C:\Program Files\Google\Chrome\Application\chrome.exe"" http://afdd7e52.n61gft.shop/amagc
PID:620",FileEvent,Read,2021-10-08 17:15:08.722,12388
"""C:\Program Files\Google\Chrome\Application\chrome.exe"" http://afdd7e52.n61gft.shop/amagc
PID:620",C:\Users\jpdz\AppData\Local\Google\Chrome\User Data\Default\blob_storage\e2d218cb-e870-449a-9367-24384cf9c19a,FileEvent,Delete,2021-10-08 17:15:33.748,0
C:\Users\jpdz\AppData\Local\Google\Chrome\User Data\CertificateRevocation\6921\manifest.fingerprint,"""C:\Program Files\Google\Chrome\Application\chrome.exe"" http://afdd7e52.n61gft.shop/amagc
PID:620",FileEvent,Read,2021-10-08 17:15:08.728,8192
"""C:\Program Files\Google\Chrome\Application\chrome.exe"" http://afdd7e52.n61gft.shop/amagc
PID:620",C:\Users\jpdz\AppData\Local\Google\Chrome\User Data\Default\Local Storage\leveldb\LOG.old~RF30ecb8.TMP,FileEvent,Delete,2021-10-08 17:15:08.901,0
C:\Users\jpdz\AppData\Local\Google\Chrome\User Data\AutofillRegex\2021.8.17.1300\manifest.json,"""C:\Program Files\Google\Chrome\Application\chrome.exe"" http://afdd7e52.n61gft.shop/amagc
PID:620",FileEvent,Read,2021-10-08 17:15:08.735,8192
C:\Users\jpdz\AppData\Local\Google\Chrome\User Data\Crowd Deny\2021.10.11.1142\Preload Data,"""C:\Program Files\Google\Chrome\Application\chrome.exe"" http://afdd7e52.n61gft.shop/amagc
PID:620",FileEvent,Read,2021-10-08 17:15:08.817,20480
C:\Windows\system32\spool\drivers\color\sRGB Color Space Profile.icm,"""C:\Program Files\Google\Chrome\Application\chrome.exe"" http://afdd7e52.n61gft.shop/amagc
PID:620",FileEvent,Read,2021-10-08 17:15:08.813,8192
C:\Users\jpdz\AppData\Local\Google\Chrome\User Data\OriginTrials\1.0.0.9\manifest.fingerprint,"""C:\Program Files\Google\Chrome\Application\chrome.exe"" http://afdd7e52.n61gft.shop/amagc
PID:620",FileEvent,Read,2021-10-08 17:15:08.728,8192
C:\Users\jpdz\AppData\LocalLow\Microsoft\CryptnetUrlCache\MetaData\CAF4703619713E3F18D8A9D5D88D6288_A7725538C46DE2D0088EE44974E2CEBA,"""C:\Program Files\Google\Chrome\Application\chrome.exe"" http://afdd7e52.n61gft.shop/amagc
PID:620",FileEvent,Read,2021-10-08 17:15:09.79,392
C:\Program Files\Google\Chrome\Application\94.0.4606.81\chrome.dll,"""C:\Program Files\Google\Chrome\Application\chrome.exe"" http://afdd7e52.n61gft.shop/amagc
PID:620",FileEvent,Read,2021-10-08 17:15:08.620,150994944
C:\Users\jpdz\AppData\Local\Google\Chrome\User Data\TrustTokenKeyCommitments\2021.10.17.2\manifest.fingerprint,"""C:\Program Files\Google\Chrome\Application\chrome.exe"" http://afdd7e52.n61gft.shop/amagc
PID:620",FileEvent,Read,2021-10-08 17:15:08.727,8192
"""C:\Program Files\Google\Chrome\Application\chrome.exe"" http://afdd7e52.n61gft.shop/amagc
PID:620",C:\Users\jpdz\AppData\Local\Google\Chrome\User Data\Default\3294950b-f9c6-41f3-813e-20be142b02b5.tmp,FileEvent,Write,2021-10-08 17:15:18.859,7229
"""C:\Program Files\Google\Chrome\Application\chrome.exe"" http://afdd7e52.n61gft.shop/amagc
PID:620",C:\Users\jpdz\AppData\Local\Google\Chrome\User Data\BrowserMetrics\BrowserMetrics-616D3BAE-F30.pma,FileEvent,Delete,2021-10-08 17:15:33.750,0
C:\Users\jpdz\AppData\Local\Google\Chrome\User Data\Floc\1.0.6\manifest.json,"""C:\Program Files\Google\Chrome\Application\chrome.exe"" http://afdd7e52.n61gft.shop/amagc
PID:620",FileEvent,Read,2021-10-08 17:15:08.726,8192
C:\Users\jpdz\AppData\Local\Google\Chrome\User Data\Default\Extension State\MANIFEST-000001,"""C:\Program Files\Google\Chrome\Application\chrome.exe"" http://afdd7e52.n61gft.shop/amagc
PID:620",FileEvent,Read,2021-10-08 17:15:08.854,32768
"""C:\Program Files\Google\Chrome\Application\chrome.exe"" http://afdd7e52.n61gft.shop/amagc
PID:620","""C:\Program Files\Google\Chrome\Application\chrome.exe"" --type=utility --utility-sub-type=storage.mojom.StorageService --field-trial-handle=1024,1296335821838755594,16912037217022600300,131072 --lang=zh-CN --service-sandbox-type=utility --mojo-platform-channel-handle=1492 /prefetch:8
PID:2732",ProcessEvent,Create,2021-10-08 17:15:08.746,
"""C:\Program Files\Google\Chrome\Application\chrome.exe"" http://afdd7e52.n61gft.shop/amagc
PID:620",C:\Users\jpdz\AppData\Local\Google\Chrome\User Data\Default\Code Cache\js\e3fd1b82bf26d0c9_0,FileEvent,Write,2021-10-08 17:15:11.854,402
C:\Users\jpdz\AppData\Local\Google\Chrome\User Data\OriginTrials\1.0.0.9\manifest.json,"""C:\Program Files\Google\Chrome\Application\chrome.exe"" http://afdd7e52.n61gft.shop/amagc
PID:620",FileEvent,Read,2021-10-08 17:15:08.728,8192
"""C:\Program Files\Google\Chrome\Application\chrome.exe"" http://afdd7e52.n61gft.shop/amagc
PID:620",C:\Users\jpdz\AppData\Local\Google\Chrome\User Data\Default\Extension State\LOG.old~RF30ec89.TMP,FileEvent,Delete,2021-10-08 17:15:08.853,0
C:\Users\jpdz\AppData\Local\Google\Chrome\User Data\Default\Preferences,"""C:\Program Files\Google\Chrome\Application\chrome.exe"" http://afdd7e52.n61gft.shop/amagc
PID:620",FileEvent,Read,2021-10-08 17:15:08.698,12288
"""C:\Program Files\Google\Chrome\Application\chrome.exe"" http://afdd7e52.n61gft.shop/amagc
PID:620","""C:\Program Files\Google\Chrome\Application\chrome.exe"" --type=renderer --disable-client-side-phishing-detection --cross-origin-webassembly-module-sharing-allowed --display-capture-permissions-policy-allowed --field-trial-handle=1024,1296335821838755594,16912037217022600300,131072 --lang=zh-CN --device-scale-factor=1 --num-raster-threads=1 --renderer-client-id=6 --no-v8-untrusted-code-mitigations --mojo-platform-channel-handle=1944 /prefetch:1
PID:2040",ProcessEvent,Create,2021-10-08 17:15:08.817,
"""C:\Program Files\Google\Chrome\Application\chrome.exe"" http://afdd7e52.n61gft.shop/amagc
PID:620","""C:\Program Files\Google\Chrome\Application\chrome.exe"" --type=renderer --disable-client-side-phishing-detection --cross-origin-webassembly-module-sharing-allowed --display-capture-permissions-policy-allowed --field-trial-handle=1024,1296335821838755594,16912037217022600300,131072 --lang=zh-CN --device-scale-factor=1 --num-raster-threads=1 --renderer-client-id=5 --no-v8-untrusted-code-mitigations --mojo-platform-channel-handle=1952 /prefetch:1
PID:976",ProcessEvent,Create,2021-10-08 17:15:08.819,
C:\Users\jpdz\AppData\Local\Google\Chrome\User Data\Default\GPUCache\data_0,"""C:\Program Files\Google\Chrome\Application\chrome.exe"" http://afdd7e52.n61gft.shop/amagc
PID:620",FileEvent,Read,2021-10-08 17:15:08.814,16384
C:\Users\jpdz\AppData\Local\Google\Chrome\User Data\AutofillStates\2020.11.2.164946\manifest.json,"""C:\Program Files\Google\Chrome\Application\chrome.exe"" http://afdd7e52.n61gft.shop/amagc
PID:620",FileEvent,Read,2021-10-08 17:15:08.731,8192
"""C:\Program Files\Google\Chrome\Application\chrome.exe"" http://afdd7e52.n61gft.shop/amagc
PID:620",C:\Users\jpdz\AppData\Local\Google\Chrome\User Data\Local State~RF30efb5.TMP,FileEvent,Delete,2021-10-08 17:15:09.696,0
C:\Users\jpdz\AppData\Local\Google\Chrome\User Data\Default\Sessions\Tabs_13279022482387234,"""C:\Program Files\Google\Chrome\Application\chrome.exe"" http://afdd7e52.n61gft.shop/amagc
PID:620",FileEvent,Read,2021-10-08 17:15:08.722,5708
"""C:\Program Files\Google\Chrome\Application\chrome.exe"" http://afdd7e52.n61gft.shop/amagc
PID:620",C:\Users\jpdz\AppData\Local\Google\Chrome\User Data\Default\Sync Data\LevelDB\LOG,FileEvent,Write,2021-10-08 17:15:08.721,499
C:\Users\jpdz\AppData\Local\Google\Chrome\User Data\hyphen-data\97.0.4673.0\manifest.fingerprint,"""C:\Program Files\Google\Chrome\Application\chrome.exe"" http://afdd7e52.n61gft.shop/amagc
PID:620",FileEvent,Read,2021-10-08 17:15:08.730,8192
C:\Users\jpdz\AppData\Local\Google\Chrome\User Data\Subresource Filter\Unindexed Rules\9.30.0\manifest.json,"""C:\Program Files\Google\Chrome\Application\chrome.exe"" http://afdd7e52.n61gft.shop/amagc
PID:620",FileEvent,Read,2021-10-08 17:15:08.726,8192
C:\Users\jpdz\AppData\Local\Google\Chrome\User Data\OptimizationHints\302\manifest.fingerprint,"""C:\Program Files\Google\Chrome\Application\chrome.exe"" http://afdd7e52.n61gft.shop/amagc
PID:620",FileEvent,Read,2021-10-08 17:15:08.727,8192
C:\Users\jpdz\AppData\Local\Google\Chrome\User Data\ShaderCache\GPUCache\data_2,"""C:\Program Files\Google\Chrome\Application\chrome.exe"" http://afdd7e52.n61gft.shop/amagc
PID:620",FileEvent,Read,2021-10-08 17:15:10.17,8192
C:\Users\jpdz\AppData\Local\Google\Chrome\User Data\TrustTokenKeyCommitments\2021.10.17.2\manifest.json,"""C:\Program Files\Google\Chrome\Application\chrome.exe"" http://afdd7e52.n61gft.shop/amagc
PID:620",FileEvent,Read,2021-10-08 17:15:08.727,8192
C:\Users\jpdz\AppData\Local\Google\Chrome\User Data\SafetyTips\2716\manifest.fingerprint,"""C:\Program Files\Google\Chrome\Application\chrome.exe"" http://afdd7e52.n61gft.shop/amagc
PID:620",FileEvent,Read,2021-10-08 17:15:08.730,8192
C:\Users\jpdz\AppData\Local\Google\Chrome\User Data\Local State,"""C:\Program Files\Google\Chrome\Application\chrome.exe"" http://afdd7e52.n61gft.shop/amagc
PID:620",FileEvent,Read,2021-10-08 17:15:08.668,53248
C:\Users\jpdz\AppData\Local\Google\Chrome\User Data\Default\Sync Data\LevelDB\000003.log,"""C:\Program Files\Google\Chrome\Application\chrome.exe"" http://afdd7e52.n61gft.shop/amagc
PID:620",FileEvent,Read,2021-10-08 17:15:08.724,32768
"""C:\Program Files\Google\Chrome\Application\chrome.exe"" http://afdd7e52.n61gft.shop/amagc
PID:620",C:\Users\jpdz\AppData\Local\Google\Chrome\User Data\Default\LOG.old~RF31513e.TMP,FileEvent,Delete,2021-10-08 17:15:34.727,0
"""C:\Program Files\Google\Chrome\Application\chrome.exe"" http://afdd7e52.n61gft.shop/amagc
PID:620","""C:\Program Files\Google\Chrome\Application\chrome.exe"" --type=gpu-process --field-trial-handle=1024,1296335821838755594,16912037217022600300,131072 --gpu-preferences=UAAAAAAAAADgAAAIAAAAAAAAAAAAAAAAAABgAIAAAAAwAAAAAAAAAAAAAAAAAAAAAAAAAAAAAAAAAAAAAAAAAHgAAAAAAAAAeAAAAAAAAAAoAAAABAAAACAAAAAAAAAAKAAAAAAAAAAwAAAAAAAAADgAAAAAAAAAEAAAAAAAAAAAAAAADQAAABAAAAAAAAAAAQAAAA0AAAAQAAAAAAAAAAQAAAANAAAAEAAAAAAAAAAHAAAADQAAAAgAAAAAAAAACAAAAAAAAAA= --use-gl=angle --use-angle=swiftshader-webgl --mojo-platform-channel-handle=
PID:3612",ProcessEvent,Create,2021-10-08 17:15:10.17,
C:\Users\jpdz\AppData\Local\Google\Chrome\User Data\SafetyTips\2716\manifest.json,"""C:\Program Files\Google\Chrome\Application\chrome.exe"" http://afdd7e52.n61gft.shop/amagc
PID:620",FileEvent,Read,2021-10-08 17:15:08.730,8192
"""C:\Program Files\Google\Chrome\Application\chrome.exe"" http://afdd7e52.n61gft.shop/amagc
PID:620",C:\Users\jpdz\AppData\Local\Google\Chrome\User Data\Default\GCM Store\Encryption\LOG.old~RF314fa8.TMP,FileEvent,Delete,2021-10-08 17:15:34.329,0
C:\Users\jpdz\AppData\Local\Google\Chrome\User Data\FileTypePolicies\45\manifest.json,"""C:\Program Files\Google\Chrome\Application\chrome.exe"" http://afdd7e52.n61gft.shop/amagc
PID:620",FileEvent,Read,2021-10-08 17:15:08.728,8192
"""C:\Program Files\Google\Chrome\Application\chrome.exe"" http://afdd7e52.n61gft.shop/amagc
PID:620",C:\Users\jpdz\AppData\Local\Google\Chrome\User Data\Default\Preferences~RF30f071.TMP,FileEvent,Delete,2021-10-08 17:15:09.867,0
"""C:\Program Files\Google\Chrome\Application\chrome.exe"" http://afdd7e52.n61gft.shop/amagc
PID:620",C:\Users\jpdz\AppData\Local\Google\Chrome\User Data\Default\Session Storage\LOG.old~RF30ecb8.TMP,FileEvent,Delete,2021-10-08 17:15:08.896,0
C:\Program Files\Google\Chrome\Application\94.0.4606.81\MEIPreload\manifest.json,"""C:\Program Files\Google\Chrome\Application\chrome.exe"" http://afdd7e52.n61gft.shop/amagc
PID:620",FileEvent,Read,2021-10-08 17:15:08.728,8192
"""C:\Program Files\Google\Chrome\Application\chrome.exe"" http://afdd7e52.n61gft.shop/amagc
PID:620",C:\Users\jpdz\AppData\Local\Google\Chrome\User Data\Default\data_reduction_proxy_leveldb\LOG.old~RF314d66.TMP,FileEvent,Delete,2021-10-08 17:15:33.756,0
"""C:\Program Files\Google\Chrome\Application\chrome.exe"" http://afdd7e52.n61gft.shop/amagc
PID:620",C:\Users\jpdz\AppData\Local\Google\Chrome\User Data\Default\Preferences~RF311f80.TMP,FileEvent,Delete,2021-10-08 17:15:21.964,0
C:\Users\jpdz\AppData\Local\Google\Chrome\User Data\Default\Code Cache\js\index-dir\the-real-index,"""C:\Program Files\Google\Chrome\Application\chrome.exe"" http://afdd7e52.n61gft.shop/amagc
PID:620",FileEvent,Read,2021-10-08 17:15:08.813,48
C:\Users\jpdz\AppData\Local\Google\Chrome\User Data\GrShaderCache\GPUCache\data_1,"""C:\Program Files\Google\Chrome\Application\chrome.exe"" http://afdd7e52.n61gft.shop/amagc
PID:620",FileEvent,Read,2021-10-08 17:15:10.176,8704
C:\Windows\Fonts\staticcache.dat,"""C:\Program Files\Google\Chrome\Application\chrome.exe"" http://afdd7e52.n61gft.shop/amagc
PID:620",FileEvent,Read,2021-10-08 17:15:08.809,60
C:\Users\jpdz\AppData\Local\Google\Chrome\User Data\pnacl\0.57.44.2492\manifest.fingerprint,"""C:\Program Files\Google\Chrome\Application\chrome.exe"" http://afdd7e52.n61gft.shop/amagc
PID:620",FileEvent,Read,2021-10-08 17:15:08.726,8192
C:\Users\jpdz\AppData\Local\Google\Chrome\User Data\GrShaderCache\GPUCache\data_3,"""C:\Program Files\Google\Chrome\Application\chrome.exe"" http://afdd7e52.n61gft.shop/amagc
PID:620",FileEvent,Read,2021-10-08 17:15:10.177,8192
C:\Users\jpdz\AppData\Local\Google\Chrome\User Data\Default\Top Sites,"""C:\Program Files\Google\Chrome\Application\chrome.exe"" http://afdd7e52.n61gft.shop/amagc
PID:620",FileEvent,Read,2021-10-08 17:15:08.794,12388
C:\Users\jpdz\AppData\Local\Google\Chrome\User Data\Default\Site Characteristics Database\MANIFEST-000001,"""C:\Program Files\Google\Chrome\Application\chrome.exe"" http://afdd7e52.n61gft.shop/amagc
PID:620",FileEvent,Read,2021-10-08 17:15:08.788,32768
C:\Users\jpdz\AppData\Local\Google\Chrome\User Data\ClientSidePhishing\25.3\manifest.json,"""C:\Program Files\Google\Chrome\Application\chrome.exe"" http://afdd7e52.n61gft.shop/amagc
PID:620",FileEvent,Read,2021-10-08 17:15:08.736,8192
C:\Users\jpdz\AppData\Local\Google\Chrome\User Data\Default\Site Characteristics Database\CURRENT,"""C:\Program Files\Google\Chrome\Application\chrome.exe"" http://afdd7e52.n61gft.shop/amagc
PID:620",FileEvent,Read,2021-10-08 17:15:08.788,16384
C:\Users\jpdz\AppData\Local\Google\Chrome\User Data\Default\Code Cache\wasm\index-dir\the-real-index,"""C:\Program Files\Google\Chrome\Application\chrome.exe"" http://afdd7e52.n61gft.shop/amagc
PID:620",FileEvent,Read,2021-10-08 17:15:08.813,48
"""C:\Program Files\Google\Chrome\Application\chrome.exe"" http://afdd7e52.n61gft.shop/amagc
PID:620",C:\Users\jpdz\AppData\Local\Google\Chrome\User Data\Default\Code Cache\js\0ce64faa091327ba_0,FileEvent,Write,2021-10-08 17:15:11.659,408
C:\Users\jpdz\AppData\LocalLow\Microsoft\CryptnetUrlCache\Content\A16C6C16D94F76E0808C087DFC657D99_6E3B293BC75A798BFF07CE90C43DFD32,"""C:\Program Files\Google\Chrome\Application\chrome.exe"" http://afdd7e52.n61gft.shop/amagc
PID:620",FileEvent,Read,2021-10-08 17:15:11.718,472
"""C:\Program Files\Google\Chrome\Application\chrome.exe"" http://afdd7e52.n61gft.shop/amagc
PID:620",C:\Users\jpdz\AppData\Local\Google\Chrome\User Data\Default\optimization_guide_hint_cache_store\LOG.old~RF314fa8.TMP,FileEvent,Delete,2021-10-08 17:15:34.325,0
"""C:\Program Files\Google\Chrome\Application\chrome.exe"" http://afdd7e52.n61gft.shop/amagc
PID:620",C:\Users\jpdz\AppData\Local\Google\Chrome\User Data\Default\Feature Engagement Tracker\AvailabilityDB\LOG.old~RF315044.TMP,FileEvent,Delete,2021-10-08 17:15:34.482,0
"""C:\Program Files\Google\Chrome\Application\chrome.exe"" http://afdd7e52.n61gft.shop/amagc
PID:620",C:\Users\jpdz\AppData\Local\Google\Chrome\User Data\Default\Site Characteristics Database\LOG,FileEvent,Write,2021-10-08 17:15:08.788,535
C:\Users\jpdz\AppData\Local\Google\Chrome\User Data\Default\Visited Links,"""C:\Program Files\Google\Chrome\Application\chrome.exe"" http://afdd7e52.n61gft.shop/amagc
PID:620",FileEvent,Read,2021-10-08 17:15:08.704,135168
"""C:\Program Files\Google\Chrome\Application\chrome.exe"" http://afdd7e52.n61gft.shop/amagc
PID:620",C:\Users\jpdz\AppData\Local\Google\Chrome\User Data\Default\Visited Links,FileEvent,Write,2021-10-08 17:15:10.184,40
C:\Users\jpdz\AppData\LocalLow\Microsoft\CryptnetUrlCache\Content\24BD96D5497F70B3F510A6B53CD43F3E_3A89246FB90C5EE6620004F1AE0EB0EA,"""C:\Program Files\Google\Chrome\Application\chrome.exe"" http://afdd7e52.n61gft.shop/amagc
PID:620",FileEvent,Read,2021-10-08 17:15:09.77,1447
C:\Users\jpdz\AppData\Local\Google\Chrome\User Data\GrShaderCache\GPUCache\index,"""C:\Program Files\Google\Chrome\Application\chrome.exe"" http://afdd7e52.n61gft.shop/amagc
PID:620",FileEvent,Read,2021-10-08 17:15:10.176,266608
"""C:\Program Files\Google\Chrome\Application\chrome.exe"" http://afdd7e52.n61gft.shop/amagc
PID:620",C:\Users\jpdz\AppData\Local\Google\Chrome\User Data\Default\Code Cache\js\index-dir\the-real-index~RF3145f3.TMP,FileEvent,Delete,2021-10-08 17:15:31.859,0
C:\Program Files\Google\Chrome\Application\94.0.4606.81\WidevineCdm\manifest.json,"""C:\Program Files\Google\Chrome\Application\chrome.exe"" http://afdd7e52.n61gft.shop/amagc
PID:620",FileEvent,Read,2021-10-08 17:15:08.725,8192
C:\Users\jpdz\AppData\Local\Google\Chrome\User Data\pnacl\0.57.44.2492\manifest.json,"""C:\Program Files\Google\Chrome\Application\chrome.exe"" http://afdd7e52.n61gft.shop/amagc
PID:620",FileEvent,Read,2021-10-08 17:15:08.725,8192
C:\Users\jpdz\AppData\Local\Google\Chrome\User Data\MEIPreload\1.0.6.0\manifest.fingerprint,"""C:\Program Files\Google\Chrome\Application\chrome.exe"" http://afdd7e52.n61gft.shop/amagc
PID:620",FileEvent,Read,2021-10-08 17:15:08.729,8192
C:\Users\jpdz\AppData\Local\Google\Chrome\User Data\Floc\1.0.6\manifest.fingerprint,"""C:\Program Files\Google\Chrome\Application\chrome.exe"" http://afdd7e52.n61gft.shop/amagc
PID:620",FileEvent,Read,2021-10-08 17:15:08.726,8192
"""C:\Program Files\Google\Chrome\Application\chrome.exe"" http://afdd7e52.n61gft.shop/amagc
PID:620",C:\Users\jpdz\AppData\Local\Google\Chrome\User Data\Default\Code Cache\js\50e076250dbd1cc9_0,FileEvent,Write,2021-10-08 17:15:10.955,406
"""C:\Program Files\Google\Chrome\Application\chrome.exe"" http://afdd7e52.n61gft.shop/amagc
PID:620","""C:\Program Files\Google\Chrome\Application\chrome.exe"" --type=utility --utility-sub-type=data_decoder.mojom.DataDecoderService --field-trial-handle=1024,1296335821838755594,16912037217022600300,131072 --lang=zh-CN --service-sandbox-type=service --mojo-platform-channel-handle=3504 /prefetch:8
PID:3248",ProcessEvent,Stop,2021-10-08 17:15:34.377,
"""C:\Program Files\Google\Chrome\Application\chrome.exe"" http://afdd7e52.n61gft.shop/amagc
PID:620",C:\Users\jpdz\AppData\Local\Google\Chrome\User Data\Default\Sessions\Tabs_13279075922331271,FileEvent,Write,2021-10-08 17:15:11.317,8452
C:\Users\jpdz\AppData\Local\Google\Chrome\User Data\Crowd Deny\2021.10.11.1142\manifest.json,"""C:\Program Files\Google\Chrome\Application\chrome.exe"" http://afdd7e52.n61gft.shop/amagc
PID:620",FileEvent,Read,2021-10-08 17:15:08.730,8192
C:\Windows\Prefetch\CHROME.EXE-5A1054AF.pf,"""C:\Program Files\Google\Chrome\Application\chrome.exe"" --type=gpu-process --field-trial-handle=1024,1296335821838755594,16912037217022600300,131072 --gpu-preferences=UAAAAAAAAADgAAAIAAAAAAAAAAAAAAAAAABgAIAAAAAwAAAAAAAAAAAAAAAAAAAAAAAAAAAAAAAAAAAAAAAAAHgAAAAAAAAAeAAAAAAAAAAoAAAABAAAACAAAAAAAAAAKAAAAAAAAAAwAAAAAAAAADgAAAAAAAAAEAAAAAAAAAAAAAAADQAAABAAAAAAAAAAAQAAAA0AAAAQAAAAAAAAAAQAAAANAAAAEAAAAAAAAAAHAAAADQAAAAgAAAAAAAAACAAAAAAAAAA= --mojo-platform-channel-handle=1056 /prefetch:2
PID:2476",FileEvent,Read,2021-10-08 17:15:08.701,19168
C:\Program Files\Google\Chrome\Application\94.0.4606.81\chrome.dll,"""C:\Program Files\Google\Chrome\Application\chrome.exe"" --type=gpu-process --field-trial-handle=1024,1296335821838755594,16912037217022600300,131072 --gpu-preferences=UAAAAAAAAADgAAAIAAAAAAAAAAAAAAAAAABgAIAAAAAwAAAAAAAAAAAAAAAAAAAAAAAAAAAAAAAAAAAAAAAAAHgAAAAAAAAAeAAAAAAAAAAoAAAABAAAACAAAAAAAAAAKAAAAAAAAAAwAAAAAAAAADgAAAAAAAAAEAAAAAAAAAAAAAAADQAAABAAAAAAAAAAAQAAAA0AAAAQAAAAAAAAAAQAAAANAAAAEAAAAAAAAAAHAAAADQAAAAgAAAAAAAAACAAAAAAAAAA= --mojo-platform-channel-handle=1056 /prefetch:2
PID:2476",FileEvent,Read,2021-10-08 17:15:08.738,150994944
C:\Users\jpdz\AppData\Local\Google\Chrome\User Data\Crashpad\settings.dat,"""C:\Program Files\Google\Chrome\Application\chrome.exe"" --type=crashpad-handler ""--user-data-dir=C:\Users\jpdz\AppData\Local\Google\Chrome\User Data"" /prefetch:7 --monitor-self-annotation=ptype=crashpad-handler ""--database=C:\Users\jpdz\AppData\Local\Google\Chrome\User Data\Crashpad"" --url=https://clients2.google.com/cr/report --annotation=channel= --annotation=plat=Win32 --annotation=prod=Chrome --annotation=ver=94.0.4606.81 --initial-client-data=0xa0,0xac,0xb0,0x74,0xb4,0x6eb43708,0x6eb43718,0x6eb43724
PID:2760",FileEvent,Read,2021-10-08 17:15:08.509,40
C:\Users\jpdz\AppData\Local\Google\Chrome\User Data\Crashpad\settings.dat,"""C:\Program Files\Google\Chrome\Application\chrome.exe"" --type=crashpad-handler ""--user-data-dir=C:\Users\jpdz\AppData\Local\Google\Chrome\User Data"" /prefetch:7 --monitor-self-annotation=ptype=crashpad-handler ""--database=C:\Users\jpdz\AppData\Local\Google\Chrome\User Data\Crashpad"" --url=https://clients2.google.com/cr/report --annotation=channel= --annotation=plat=Win32 --annotation=prod=Chrome --annotation=ver=94.0.4606.81 --initial-client-data=0xa0,0xac,0xb0,0x74,0xb4,0x6eb43708,0x6eb43718,0x6eb43724
PID:2760",FileEvent,Read,2021-10-08 17:15:08.618,40
C:\Windows\Prefetch\CHROME.EXE-5A1054AF.pf,"""C:\Program Files\Google\Chrome\Application\chrome.exe"" --type=crashpad-handler ""--user-data-dir=C:\Users\jpdz\AppData\Local\Google\Chrome\User Data"" /prefetch:7 --monitor-self-annotation=ptype=crashpad-handler ""--database=C:\Users\jpdz\AppData\Local\Google\Chrome\User Data\Crashpad"" --url=https://clients2.google.com/cr/report --annotation=channel= --annotation=plat=Win32 --annotation=prod=Chrome --annotation=ver=94.0.4606.81 --initial-client-data=0xa0,0xac,0xb0,0x74,0xb4,0x6eb43708,0x6eb43718,0x6eb43724
PID:2760",FileEvent,Read,2021-10-08 17:15:08.503,18170
C:\Windows\Prefetch\CHROME.EXE-5A1054AF.pf,"""C:\Program Files\Google\Chrome\Application\chrome.exe"" --type=crashpad-handler ""--user-data-dir=C:\Users\jpdz\AppData\Local\Google\Chrome\User Data"" /prefetch:7 --monitor-self-annotation=ptype=crashpad-handler ""--database=C:\Users\jpdz\AppData\Local\Google\Chrome\User Data\Crashpad"" --url=https://clients2.google.com/cr/report --annotation=channel= --annotation=plat=Win32 --annotation=prod=Chrome --annotation=ver=94.0.4606.81 --initial-client-data=0xa0,0xac,0xb0,0x74,0xb4,0x6eb43708,0x6eb43718,0x6eb43724
PID:2760",FileEvent,Read,2021-10-08 17:15:08.612,18170
"""C:\Program Files\Google\Chrome\Application\chrome.exe"" --type=utility --utility-sub-type=network.mojom.NetworkService --field-trial-handle=1024,1296335821838755594,16912037217022600300,131072 --lang=zh-CN --service-sandbox-type=none --mojo-platform-channel-handle=1296 /prefetch:8
PID:988",104.21.25.45,IpChannelEvent,TcpIpConnect,2021-10-08 17:15:09.154,0
104.21.25.45,"""C:\Program Files\Google\Chrome\Application\chrome.exe"" --type=utility --utility-sub-type=network.mojom.NetworkService --field-trial-handle=1024,1296335821838755594,16912037217022600300,131072 --lang=zh-CN --service-sandbox-type=none --mojo-platform-channel-handle=1296 /prefetch:8
PID:988",IpChannelEvent,TcpIpRecv,2021-10-08 17:15:09.470,69879
"""C:\Program Files\Google\Chrome\Application\chrome.exe"" --type=utility --utility-sub-type=network.mojom.NetworkService --field-trial-handle=1024,1296335821838755594,16912037217022600300,131072 --lang=zh-CN --service-sandbox-type=none --mojo-platform-channel-handle=1296 /prefetch:8
PID:988",104.21.25.45,IpChannelEvent,TcpIpSend,2021-10-08 17:15:09.155,1970
"""C:\Program Files\Google\Chrome\Application\chrome.exe"" --type=utility --utility-sub-type=network.mojom.NetworkService --field-trial-handle=1024,1296335821838755594,16912037217022600300,131072 --lang=zh-CN --service-sandbox-type=none --mojo-platform-channel-handle=1296 /prefetch:8
PID:988",C:\Users\jpdz\AppData\Local\Google\Chrome\User Data\Default\Cache\data_1,FileEvent,Write,2021-10-08 17:15:08.942,54501
C:\Users\jpdz\AppData\Local\Google\Chrome\User Data\Default\Cache\data_1,"""C:\Program Files\Google\Chrome\Application\chrome.exe"" --type=utility --utility-sub-type=network.mojom.NetworkService --field-trial-handle=1024,1296335821838755594,16912037217022600300,131072 --lang=zh-CN --service-sandbox-type=none --mojo-platform-channel-handle=1296 /prefetch:8
PID:988",FileEvent,Read,2021-10-08 17:15:08.939,8704
"""C:\Program Files\Google\Chrome\Application\chrome.exe"" --type=utility --utility-sub-type=network.mojom.NetworkService --field-trial-handle=1024,1296335821838755594,16912037217022600300,131072 --lang=zh-CN --service-sandbox-type=none --mojo-platform-channel-handle=1296 /prefetch:8
PID:988",C:\Users\jpdz\AppData\Local\Google\Chrome\User Data\Default\59f3b659-d4a5-4430-a58e-e775789b04e7.tmp,FileEvent,Write,2021-10-08 17:15:21.964,4466
"""C:\Program Files\Google\Chrome\Application\chrome.exe"" --type=utility --utility-sub-type=network.mojom.NetworkService --field-trial-handle=1024,1296335821838755594,16912037217022600300,131072 --lang=zh-CN --service-sandbox-type=none --mojo-platform-channel-handle=1296 /prefetch:8
PID:988",C:\Users\jpdz\AppData\Local\Google\Chrome\User Data\Default\Cache\f_000073,FileEvent,Write,2021-10-08 17:15:11.133,27964
"""C:\Program Files\Google\Chrome\Application\chrome.exe"" --type=utility --utility-sub-type=network.mojom.NetworkService --field-trial-handle=1024,1296335821838755594,16912037217022600300,131072 --lang=zh-CN --service-sandbox-type=none --mojo-platform-channel-handle=1296 /prefetch:8
PID:988",C:\Users\jpdz\AppData\Local\Google\Chrome\User Data\Default\Cache\f_000071,FileEvent,Write,2021-10-08 17:15:10.586,21683
"""C:\Program Files\Google\Chrome\Application\chrome.exe"" --type=utility --utility-sub-type=network.mojom.NetworkService --field-trial-handle=1024,1296335821838755594,16912037217022600300,131072 --lang=zh-CN --service-sandbox-type=none --mojo-platform-channel-handle=1296 /prefetch:8
PID:988",203.208.41.73,IpChannelEvent,TcpIpConnect,2021-10-08 17:15:11.639,0
203.208.41.73,"""C:\Program Files\Google\Chrome\Application\chrome.exe"" --type=utility --utility-sub-type=network.mojom.NetworkService --field-trial-handle=1024,1296335821838755594,16912037217022600300,131072 --lang=zh-CN --service-sandbox-type=none --mojo-platform-channel-handle=1296 /prefetch:8
PID:988",IpChannelEvent,TcpIpRecv,2021-10-08 17:15:11.714,55935
"""C:\Program Files\Google\Chrome\Application\chrome.exe"" --type=utility --utility-sub-type=network.mojom.NetworkService --field-trial-handle=1024,1296335821838755594,16912037217022600300,131072 --lang=zh-CN --service-sandbox-type=none --mojo-platform-channel-handle=1296 /prefetch:8
PID:988",203.208.41.73,IpChannelEvent,TcpIpSend,2021-10-08 17:15:11.640,1120
"""C:\Program Files\Google\Chrome\Application\chrome.exe"" --type=utility --utility-sub-type=network.mojom.NetworkService --field-trial-handle=1024,1296335821838755594,16912037217022600300,131072 --lang=zh-CN --service-sandbox-type=none --mojo-platform-channel-handle=1296 /prefetch:8
PID:988",104.21.25.45,IpChannelEvent,TcpIpConnect,2021-10-08 17:15:10.359,0
"""C:\Program Files\Google\Chrome\Application\chrome.exe"" --type=utility --utility-sub-type=network.mojom.NetworkService --field-trial-handle=1024,1296335821838755594,16912037217022600300,131072 --lang=zh-CN --service-sandbox-type=none --mojo-platform-channel-handle=1296 /prefetch:8
PID:988",104.21.25.45,IpChannelEvent,TcpIpSend,2021-10-08 17:15:10.359,1796
104.21.25.45,"""C:\Program Files\Google\Chrome\Application\chrome.exe"" --type=utility --utility-sub-type=network.mojom.NetworkService --field-trial-handle=1024,1296335821838755594,16912037217022600300,131072 --lang=zh-CN --service-sandbox-type=none --mojo-platform-channel-handle=1296 /prefetch:8
PID:988",IpChannelEvent,TcpIpRecv,2021-10-08 17:15:11.72,40209
"""C:\Program Files\Google\Chrome\Application\chrome.exe"" --type=utility --utility-sub-type=network.mojom.NetworkService --field-trial-handle=1024,1296335821838755594,16912037217022600300,131072 --lang=zh-CN --service-sandbox-type=none --mojo-platform-channel-handle=1296 /prefetch:8
PID:988",104.21.25.45,IpChannelEvent,TcpIpConnect,2021-10-08 17:15:11.305,0
"""C:\Program Files\Google\Chrome\Application\chrome.exe"" --type=utility --utility-sub-type=network.mojom.NetworkService --field-trial-handle=1024,1296335821838755594,16912037217022600300,131072 --lang=zh-CN --service-sandbox-type=none --mojo-platform-channel-handle=1296 /prefetch:8
PID:988",104.21.25.45,IpChannelEvent,TcpIpSend,2021-10-08 17:15:11.306,881
104.21.25.45,"""C:\Program Files\Google\Chrome\Application\chrome.exe"" --type=utility --utility-sub-type=network.mojom.NetworkService --field-trial-handle=1024,1296335821838755594,16912037217022600300,131072 --lang=zh-CN --service-sandbox-type=none --mojo-platform-channel-handle=1296 /prefetch:8
PID:988",IpChannelEvent,TcpIpRecv,2021-10-08 17:15:11.842,5827
"""C:\Program Files\Google\Chrome\Application\chrome.exe"" --type=utility --utility-sub-type=network.mojom.NetworkService --field-trial-handle=1024,1296335821838755594,16912037217022600300,131072 --lang=zh-CN --service-sandbox-type=none --mojo-platform-channel-handle=1296 /prefetch:8
PID:988",203.208.41.66,IpChannelEvent,TcpIpConnect,2021-10-08 17:15:08.975,0
"""C:\Program Files\Google\Chrome\Application\chrome.exe"" --type=utility --utility-sub-type=network.mojom.NetworkService --field-trial-handle=1024,1296335821838755594,16912037217022600300,131072 --lang=zh-CN --service-sandbox-type=none --mojo-platform-channel-handle=1296 /prefetch:8
PID:988",203.208.41.66,IpChannelEvent,TcpIpSend,2021-10-08 17:15:08.981,1040
203.208.41.66,"""C:\Program Files\Google\Chrome\Application\chrome.exe"" --type=utility --utility-sub-type=network.mojom.NetworkService --field-trial-handle=1024,1296335821838755594,16912037217022600300,131072 --lang=zh-CN --service-sandbox-type=none --mojo-platform-channel-handle=1296 /prefetch:8
PID:988",IpChannelEvent,TcpIpRecv,2021-10-08 17:15:09.56,7819
C:\Users\jpdz\AppData\Local\Google\Chrome\User Data\Default\Network Persistent State,"""C:\Program Files\Google\Chrome\Application\chrome.exe"" --type=utility --utility-sub-type=network.mojom.NetworkService --field-trial-handle=1024,1296335821838755594,16912037217022600300,131072 --lang=zh-CN --service-sandbox-type=none --mojo-platform-channel-handle=1296 /prefetch:8
PID:988",FileEvent,Read,2021-10-08 17:15:08.953,8192
"""C:\Program Files\Google\Chrome\Application\chrome.exe"" --type=utility --utility-sub-type=network.mojom.NetworkService --field-trial-handle=1024,1296335821838755594,16912037217022600300,131072 --lang=zh-CN --service-sandbox-type=none --mojo-platform-channel-handle=1296 /prefetch:8
PID:988",C:\Users\jpdz\AppData\Local\Google\Chrome\User Data\Default\Cache\f_000072,FileEvent,Write,2021-10-08 17:15:11.1,18022
"""C:\Program Files\Google\Chrome\Application\chrome.exe"" --type=utility --utility-sub-type=network.mojom.NetworkService --field-trial-handle=1024,1296335821838755594,16912037217022600300,131072 --lang=zh-CN --service-sandbox-type=none --mojo-platform-channel-handle=1296 /prefetch:8
PID:988",C:\Users\jpdz\AppData\Local\Google\Chrome\User Data\Default\Cache\f_000074,FileEvent,Write,2021-10-08 17:15:11.616,16828
C:\Windows\system32\drivers\etc\hosts,"""C:\Program Files\Google\Chrome\Application\chrome.exe"" --type=utility --utility-sub-type=network.mojom.NetworkService --field-trial-handle=1024,1296335821838755594,16912037217022600300,131072 --lang=zh-CN --service-sandbox-type=none --mojo-platform-channel-handle=1296 /prefetch:8
PID:988",FileEvent,Read,2021-10-08 17:15:08.782,8192
"""C:\Program Files\Google\Chrome\Application\chrome.exe"" --type=utility --utility-sub-type=network.mojom.NetworkService --field-trial-handle=1024,1296335821838755594,16912037217022600300,131072 --lang=zh-CN --service-sandbox-type=none --mojo-platform-channel-handle=1296 /prefetch:8
PID:988",C:\Users\jpdz\AppData\Local\Google\Chrome\User Data\Default\Cache\f_000076,FileEvent,Write,2021-10-08 17:15:11.845,49358
"""C:\Program Files\Google\Chrome\Application\chrome.exe"" --type=utility --utility-sub-type=network.mojom.NetworkService --field-trial-handle=1024,1296335821838755594,16912037217022600300,131072 --lang=zh-CN --service-sandbox-type=none --mojo-platform-channel-handle=1296 /prefetch:8
PID:988",C:\Users\jpdz\AppData\Local\Google\Chrome\User Data\Default\2a4b49ca-89e8-465f-a4e5-3e5025fe0c02.tmp,FileEvent,Write,2021-10-08 17:15:18.957,4207
C:\Windows\Prefetch\CHROME.EXE-5A1054AF.pf,"""C:\Program Files\Google\Chrome\Application\chrome.exe"" --type=utility --utility-sub-type=network.mojom.NetworkService --field-trial-handle=1024,1296335821838755594,16912037217022600300,131072 --lang=zh-CN --service-sandbox-type=none --mojo-platform-channel-handle=1296 /prefetch:8
PID:988",FileEvent,Read,2021-10-08 17:15:08.699,19168
C:\Users\jpdz\AppData\Local\Google\Chrome\User Data\Default\Trust Tokens,"""C:\Program Files\Google\Chrome\Application\chrome.exe"" --type=utility --utility-sub-type=network.mojom.NetworkService --field-trial-handle=1024,1296335821838755594,16912037217022600300,131072 --lang=zh-CN --service-sandbox-type=none --mojo-platform-channel-handle=1296 /prefetch:8
PID:988",FileEvent,Read,2021-10-08 17:15:08.932,2101348
C:\Users\jpdz\AppData\Local\Google\Chrome\User Data\Default\Cookies,"""C:\Program Files\Google\Chrome\Application\chrome.exe"" --type=utility --utility-sub-type=network.mojom.NetworkService --field-trial-handle=1024,1296335821838755594,16912037217022600300,131072 --lang=zh-CN --service-sandbox-type=none --mojo-platform-channel-handle=1296 /prefetch:8
PID:988",FileEvent,Read,2021-10-08 17:15:08.938,2109604
C:\Users\jpdz\AppData\Local\Google\Chrome\User Data\Default\Cache\index,"""C:\Program Files\Google\Chrome\Application\chrome.exe"" --type=utility --utility-sub-type=network.mojom.NetworkService --field-trial-handle=1024,1296335821838755594,16912037217022600300,131072 --lang=zh-CN --service-sandbox-type=none --mojo-platform-channel-handle=1296 /prefetch:8
PID:988",FileEvent,Read,2021-10-08 17:15:08.939,266608
C:\Program Files\Google\Chrome\Application\94.0.4606.81\chrome.dll,"""C:\Program Files\Google\Chrome\Application\chrome.exe"" --type=utility --utility-sub-type=network.mojom.NetworkService --field-trial-handle=1024,1296335821838755594,16912037217022600300,131072 --lang=zh-CN --service-sandbox-type=none --mojo-platform-channel-handle=1296 /prefetch:8
PID:988",FileEvent,Read,2021-10-08 17:15:08.708,150994944
"""C:\Program Files\Google\Chrome\Application\chrome.exe"" --type=utility --utility-sub-type=network.mojom.NetworkService --field-trial-handle=1024,1296335821838755594,16912037217022600300,131072 --lang=zh-CN --service-sandbox-type=none --mojo-platform-channel-handle=1296 /prefetch:8
PID:988",C:\Users\jpdz\AppData\Local\Google\Chrome\User Data\Default\Cache\data_0,FileEvent,Write,2021-10-08 17:15:08.942,10080
C:\Users\jpdz\AppData\Local\Google\Chrome\User Data\Default\Cache\data_0,"""C:\Program Files\Google\Chrome\Application\chrome.exe"" --type=utility --utility-sub-type=network.mojom.NetworkService --field-trial-handle=1024,1296335821838755594,16912037217022600300,131072 --lang=zh-CN --service-sandbox-type=none --mojo-platform-channel-handle=1296 /prefetch:8
PID:988",FileEvent,Read,2021-10-08 17:15:08.939,57856
"""C:\Program Files\Google\Chrome\Application\chrome.exe"" --type=utility --utility-sub-type=network.mojom.NetworkService --field-trial-handle=1024,1296335821838755594,16912037217022600300,131072 --lang=zh-CN --service-sandbox-type=none --mojo-platform-channel-handle=1296 /prefetch:8
PID:988",104.21.25.45,IpChannelEvent,TcpIpConnect,2021-10-08 17:15:10.361,0
104.21.25.45,"""C:\Program Files\Google\Chrome\Application\chrome.exe"" --type=utility --utility-sub-type=network.mojom.NetworkService --field-trial-handle=1024,1296335821838755594,16912037217022600300,131072 --lang=zh-CN --service-sandbox-type=none --mojo-platform-channel-handle=1296 /prefetch:8
PID:988",IpChannelEvent,TcpIpRecv,2021-10-08 17:15:10.574,51254
"""C:\Program Files\Google\Chrome\Application\chrome.exe"" --type=utility --utility-sub-type=network.mojom.NetworkService --field-trial-handle=1024,1296335821838755594,16912037217022600300,131072 --lang=zh-CN --service-sandbox-type=none --mojo-platform-channel-handle=1296 /prefetch:8
PID:988",104.21.25.45,IpChannelEvent,TcpIpSend,2021-10-08 17:15:10.362,2001
"""C:\Program Files\Google\Chrome\Application\chrome.exe"" --type=utility --utility-sub-type=network.mojom.NetworkService --field-trial-handle=1024,1296335821838755594,16912037217022600300,131072 --lang=zh-CN --service-sandbox-type=none --mojo-platform-channel-handle=1296 /prefetch:8
PID:988",C:\Users\jpdz\AppData\Local\Google\Chrome\User Data\Default\Cache\f_000075,FileEvent,Write,2021-10-08 17:15:11.620,18829
C:\Users\jpdz\AppData\Local\Google\Chrome\User Data\Default\Reporting and NEL,"""C:\Program Files\Google\Chrome\Application\chrome.exe"" --type=utility --utility-sub-type=network.mojom.NetworkService --field-trial-handle=1024,1296335821838755594,16912037217022600300,131072 --lang=zh-CN --service-sandbox-type=none --mojo-platform-channel-handle=1296 /prefetch:8
PID:988",FileEvent,Read,2021-10-08 17:15:11.648,2109604
"""C:\Program Files\Google\Chrome\Application\chrome.exe"" --type=utility --utility-sub-type=network.mojom.NetworkService --field-trial-handle=1024,1296335821838755594,16912037217022600300,131072 --lang=zh-CN --service-sandbox-type=none --mojo-platform-channel-handle=1296 /prefetch:8
PID:988",C:\Users\jpdz\AppData\Local\Google\Chrome\User Data\Default\Cache\data_3,FileEvent,Write,2021-10-08 17:15:09.719,53650
C:\Users\jpdz\AppData\Local\Google\Chrome\User Data\Default\Cache\data_3,"""C:\Program Files\Google\Chrome\Application\chrome.exe"" --type=utility --utility-sub-type=network.mojom.NetworkService --field-trial-handle=1024,1296335821838755594,16912037217022600300,131072 --lang=zh-CN --service-sandbox-type=none --mojo-platform-channel-handle=1296 /prefetch:8
PID:988",FileEvent,Read,2021-10-08 17:15:08.940,8192
"""C:\Program Files\Google\Chrome\Application\chrome.exe"" --type=utility --utility-sub-type=network.mojom.NetworkService --field-trial-handle=1024,1296335821838755594,16912037217022600300,131072 --lang=zh-CN --service-sandbox-type=none --mojo-platform-channel-handle=1296 /prefetch:8
PID:988",C:\Users\jpdz\AppData\Local\Google\Chrome\User Data\Default\Cache\f_000070,FileEvent,Write,2021-10-08 17:15:10.435,35125
"""C:\Program Files\Google\Chrome\Application\chrome.exe"" --type=utility --utility-sub-type=network.mojom.NetworkService --field-trial-handle=1024,1296335821838755594,16912037217022600300,131072 --lang=zh-CN --service-sandbox-type=none --mojo-platform-channel-handle=1296 /prefetch:8
PID:988",182.61.200.166,IpChannelEvent,TcpIpConnect,2021-10-08 17:15:11.622,0
"""C:\Program Files\Google\Chrome\Application\chrome.exe"" --type=utility --utility-sub-type=network.mojom.NetworkService --field-trial-handle=1024,1296335821838755594,16912037217022600300,131072 --lang=zh-CN --service-sandbox-type=none --mojo-platform-channel-handle=1296 /prefetch:8
PID:988",182.61.200.166,IpChannelEvent,TcpIpDisconnect,2021-10-08 17:15:30.839,0
"""C:\Program Files\Google\Chrome\Application\chrome.exe"" --type=utility --utility-sub-type=network.mojom.NetworkService --field-trial-handle=1024,1296335821838755594,16912037217022600300,131072 --lang=zh-CN --service-sandbox-type=none --mojo-platform-channel-handle=1296 /prefetch:8
PID:988",182.61.200.166,IpChannelEvent,TcpIpSend,2021-10-08 17:15:11.622,2121
182.61.200.166,"""C:\Program Files\Google\Chrome\Application\chrome.exe"" --type=utility --utility-sub-type=network.mojom.NetworkService --field-trial-handle=1024,1296335821838755594,16912037217022600300,131072 --lang=zh-CN --service-sandbox-type=none --mojo-platform-channel-handle=1296 /prefetch:8
PID:988",IpChannelEvent,TcpIpRecv,2021-10-08 17:15:11.629,21080
"""C:\Program Files\Google\Chrome\Application\chrome.exe"" --type=utility --utility-sub-type=network.mojom.NetworkService --field-trial-handle=1024,1296335821838755594,16912037217022600300,131072 --lang=zh-CN --service-sandbox-type=none --mojo-platform-channel-handle=1296 /prefetch:8
PID:988",203.208.41.97,IpChannelEvent,TcpIpConnect,2021-10-08 17:15:11.208,0
203.208.41.97,"""C:\Program Files\Google\Chrome\Application\chrome.exe"" --type=utility --utility-sub-type=network.mojom.NetworkService --field-trial-handle=1024,1296335821838755594,16912037217022600300,131072 --lang=zh-CN --service-sandbox-type=none --mojo-platform-channel-handle=1296 /prefetch:8
PID:988",IpChannelEvent,TcpIpRecv,2021-10-08 17:15:11.286,7554
"""C:\Program Files\Google\Chrome\Application\chrome.exe"" --type=utility --utility-sub-type=network.mojom.NetworkService --field-trial-handle=1024,1296335821838755594,16912037217022600300,131072 --lang=zh-CN --service-sandbox-type=none --mojo-platform-channel-handle=1296 /prefetch:8
PID:988",203.208.41.97,IpChannelEvent,TcpIpSend,2021-10-08 17:15:11.209,1011
"""C:\Program Files\Google\Chrome\Application\chrome.exe"" --type=utility --utility-sub-type=network.mojom.NetworkService --field-trial-handle=1024,1296335821838755594,16912037217022600300,131072 --lang=zh-CN --service-sandbox-type=none --mojo-platform-channel-handle=1296 /prefetch:8
PID:988",C:\Users\jpdz\AppData\Local\Google\Chrome\User Data\Default\TransportSecurity~RF31225e.TMP,FileEvent,Delete,2021-10-08 17:15:22.707,0
"""C:\Program Files\Google\Chrome\Application\chrome.exe"" --type=utility --utility-sub-type=network.mojom.NetworkService --field-trial-handle=1024,1296335821838755594,16912037217022600300,131072 --lang=zh-CN --service-sandbox-type=none --mojo-platform-channel-handle=1296 /prefetch:8
PID:988",104.21.25.45,IpChannelEvent,TcpIpConnect,2021-10-08 17:15:11.348,0
104.21.25.45,"""C:\Program Files\Google\Chrome\Application\chrome.exe"" --type=utility --utility-sub-type=network.mojom.NetworkService --field-trial-handle=1024,1296335821838755594,16912037217022600300,131072 --lang=zh-CN --service-sandbox-type=none --mojo-platform-channel-handle=1296 /prefetch:8
PID:988",IpChannelEvent,TcpIpRecv,2021-10-08 17:15:11.700,8650
"""C:\Program Files\Google\Chrome\Application\chrome.exe"" --type=utility --utility-sub-type=network.mojom.NetworkService --field-trial-handle=1024,1296335821838755594,16912037217022600300,131072 --lang=zh-CN --service-sandbox-type=none --mojo-platform-channel-handle=1296 /prefetch:8
PID:988",104.21.25.45,IpChannelEvent,TcpIpSend,2021-10-08 17:15:11.348,1456
"""C:\Program Files\Google\Chrome\Application\chrome.exe"" --type=utility --utility-sub-type=network.mojom.NetworkService --field-trial-handle=1024,1296335821838755594,16912037217022600300,131072 --lang=zh-CN --service-sandbox-type=none --mojo-platform-channel-handle=1296 /prefetch:8
PID:988",104.21.25.45,IpChannelEvent,TcpIpConnect,2021-10-08 17:15:09.159,0
"""C:\Program Files\Google\Chrome\Application\chrome.exe"" --type=utility --utility-sub-type=network.mojom.NetworkService --field-trial-handle=1024,1296335821838755594,16912037217022600300,131072 --lang=zh-CN --service-sandbox-type=none --mojo-platform-channel-handle=1296 /prefetch:8
PID:988",104.21.25.45,IpChannelEvent,TcpIpSend,2021-10-08 17:15:10.195,1799
104.21.25.45,"""C:\Program Files\Google\Chrome\Application\chrome.exe"" --type=utility --utility-sub-type=network.mojom.NetworkService --field-trial-handle=1024,1296335821838755594,16912037217022600300,131072 --lang=zh-CN --service-sandbox-type=none --mojo-platform-channel-handle=1296 /prefetch:8
PID:988",IpChannelEvent,TcpIpRecv,2021-10-08 17:15:10.941,39560
C:\Users\jpdz\AppData\Local\Google\Chrome\User Data\Default\TransportSecurity,"""C:\Program Files\Google\Chrome\Application\chrome.exe"" --type=utility --utility-sub-type=network.mojom.NetworkService --field-trial-handle=1024,1296335821838755594,16912037217022600300,131072 --lang=zh-CN --service-sandbox-type=none --mojo-platform-channel-handle=1296 /prefetch:8
PID:988",FileEvent,Read,2021-10-08 17:15:08.953,8192
"""C:\Program Files\Google\Chrome\Application\chrome.exe"" --type=utility --utility-sub-type=network.mojom.NetworkService --field-trial-handle=1024,1296335821838755594,16912037217022600300,131072 --lang=zh-CN --service-sandbox-type=none --mojo-platform-channel-handle=1296 /prefetch:8
PID:988",C:\Users\jpdz\AppData\Local\Google\Chrome\User Data\Default\Cache\data_2,FileEvent,Write,2021-10-08 17:15:11.342,47171
C:\Users\jpdz\AppData\Local\Google\Chrome\User Data\Default\Cache\data_2,"""C:\Program Files\Google\Chrome\Application\chrome.exe"" --type=utility --utility-sub-type=network.mojom.NetworkService --field-trial-handle=1024,1296335821838755594,16912037217022600300,131072 --lang=zh-CN --service-sandbox-type=none --mojo-platform-channel-handle=1296 /prefetch:8
PID:988",FileEvent,Read,2021-10-08 17:15:08.940,8192
"""C:\Program Files\Google\Chrome\Application\chrome.exe"" --type=utility --utility-sub-type=network.mojom.NetworkService --field-trial-handle=1024,1296335821838755594,16912037217022600300,131072 --lang=zh-CN --service-sandbox-type=none --mojo-platform-channel-handle=1296 /prefetch:8
PID:988",C:\Users\jpdz\AppData\Local\Google\Chrome\User Data\Default\Network Persistent State~RF311f80.TMP,FileEvent,Delete,2021-10-08 17:15:21.964,0
"""C:\Program Files\Google\Chrome\Application\chrome.exe"" --type=utility --utility-sub-type=network.mojom.NetworkService --field-trial-handle=1024,1296335821838755594,16912037217022600300,131072 --lang=zh-CN --service-sandbox-type=none --mojo-platform-channel-handle=1296 /prefetch:8
PID:988",203.208.41.33,IpChannelEvent,TcpIpConnect,2021-10-08 17:15:11.895,0
"""C:\Program Files\Google\Chrome\Application\chrome.exe"" --type=utility --utility-sub-type=network.mojom.NetworkService --field-trial-handle=1024,1296335821838755594,16912037217022600300,131072 --lang=zh-CN --service-sandbox-type=none --mojo-platform-channel-handle=1296 /prefetch:8
PID:988",203.208.41.33,IpChannelEvent,TcpIpSend,2021-10-08 17:15:11.896,1345
203.208.41.33,"""C:\Program Files\Google\Chrome\Application\chrome.exe"" --type=utility --utility-sub-type=network.mojom.NetworkService --field-trial-handle=1024,1296335821838755594,16912037217022600300,131072 --lang=zh-CN --service-sandbox-type=none --mojo-platform-channel-handle=1296 /prefetch:8
PID:988",IpChannelEvent,TcpIpRecv,2021-10-08 17:15:11.972,5645
C:\Users\jpdz\AppData\Local\Google\Chrome\User Data\Default\Session Storage\CURRENT,"""C:\Program Files\Google\Chrome\Application\chrome.exe"" --type=utility --utility-sub-type=storage.mojom.StorageService --field-trial-handle=1024,1296335821838755594,16912037217022600300,131072 --lang=zh-CN --service-sandbox-type=utility --mojo-platform-channel-handle=1492 /prefetch:8
PID:2732",FileEvent,Read,2021-10-08 17:15:08.897,16384
"""C:\Program Files\Google\Chrome\Application\chrome.exe"" --type=utility --utility-sub-type=storage.mojom.StorageService --field-trial-handle=1024,1296335821838755594,16912037217022600300,131072 --lang=zh-CN --service-sandbox-type=utility --mojo-platform-channel-handle=1492 /prefetch:8
PID:2732",C:\Users\jpdz\AppData\Local\Google\Chrome\User Data\Default\Local Storage\leveldb\LOG,FileEvent,Write,2021-10-08 17:15:08.903,511
C:\Users\jpdz\AppData\Local\Google\Chrome\User Data\Default\Local Storage\leveldb\MANIFEST-000001,"""C:\Program Files\Google\Chrome\Application\chrome.exe"" --type=utility --utility-sub-type=storage.mojom.StorageService --field-trial-handle=1024,1296335821838755594,16912037217022600300,131072 --lang=zh-CN --service-sandbox-type=utility --mojo-platform-channel-handle=1492 /prefetch:8
PID:2732",FileEvent,Read,2021-10-08 17:15:08.903,32768
C:\Windows\Prefetch\CHROME.EXE-5A1054AF.pf,"""C:\Program Files\Google\Chrome\Application\chrome.exe"" --type=utility --utility-sub-type=storage.mojom.StorageService --field-trial-handle=1024,1296335821838755594,16912037217022600300,131072 --lang=zh-CN --service-sandbox-type=utility --mojo-platform-channel-handle=1492 /prefetch:8
PID:2732",FileEvent,Read,2021-10-08 17:15:08.749,19168
C:\Program Files\Google\Chrome\Application\94.0.4606.81\chrome.dll,"""C:\Program Files\Google\Chrome\Application\chrome.exe"" --type=utility --utility-sub-type=storage.mojom.StorageService --field-trial-handle=1024,1296335821838755594,16912037217022600300,131072 --lang=zh-CN --service-sandbox-type=utility --mojo-platform-channel-handle=1492 /prefetch:8
PID:2732",FileEvent,Read,2021-10-08 17:15:08.767,150994944
C:\Users\jpdz\AppData\Local\Google\Chrome\User Data\Default\Session Storage\MANIFEST-000001,"""C:\Program Files\Google\Chrome\Application\chrome.exe"" --type=utility --utility-sub-type=storage.mojom.StorageService --field-trial-handle=1024,1296335821838755594,16912037217022600300,131072 --lang=zh-CN --service-sandbox-type=utility --mojo-platform-channel-handle=1492 /prefetch:8
PID:2732",FileEvent,Read,2021-10-08 17:15:08.898,32768
"""C:\Program Files\Google\Chrome\Application\chrome.exe"" --type=utility --utility-sub-type=storage.mojom.StorageService --field-trial-handle=1024,1296335821838755594,16912037217022600300,131072 --lang=zh-CN --service-sandbox-type=utility --mojo-platform-channel-handle=1492 /prefetch:8
PID:2732",C:\Users\jpdz\AppData\Local\Google\Chrome\User Data\Default\Session Storage\LOG,FileEvent,Write,2021-10-08 17:15:08.898,493
C:\Users\jpdz\AppData\Local\Google\Chrome\User Data\Default\Local Storage\leveldb\CURRENT,"""C:\Program Files\Google\Chrome\Application\chrome.exe"" --type=utility --utility-sub-type=storage.mojom.StorageService --field-trial-handle=1024,1296335821838755594,16912037217022600300,131072 --lang=zh-CN --service-sandbox-type=utility --mojo-platform-channel-handle=1492 /prefetch:8
PID:2732",FileEvent,Read,2021-10-08 17:15:08.903,16384
C:\Users\jpdz\AppData\Local\Google\Chrome\User Data\Default\Session Storage\000003.log,"""C:\Program Files\Google\Chrome\Application\chrome.exe"" --type=utility --utility-sub-type=storage.mojom.StorageService --field-trial-handle=1024,1296335821838755594,16912037217022600300,131072 --lang=zh-CN --service-sandbox-type=utility --mojo-platform-channel-handle=1492 /prefetch:8
PID:2732",FileEvent,Read,2021-10-08 17:15:08.898,32768
"""C:\Program Files\Google\Chrome\Application\chrome.exe"" --type=utility --utility-sub-type=storage.mojom.StorageService --field-trial-handle=1024,1296335821838755594,16912037217022600300,131072 --lang=zh-CN --service-sandbox-type=utility --mojo-platform-channel-handle=1492 /prefetch:8
PID:2732",C:\Users\jpdz\AppData\Local\Google\Chrome\User Data\Default\Session Storage\000003.log,FileEvent,Write,2021-10-08 17:15:08.905,270
"""C:\Program Files\Google\Chrome\Application\chrome.exe"" --type=utility --utility-sub-type=storage.mojom.StorageService --field-trial-handle=1024,1296335821838755594,16912037217022600300,131072 --lang=zh-CN --service-sandbox-type=utility --mojo-platform-channel-handle=1492 /prefetch:8
PID:2732",C:\Users\jpdz\AppData\Local\Google\Chrome\User Data\Default\Local Storage\leveldb\000003.log,FileEvent,Write,2021-10-08 17:15:16.664,162
C:\Users\jpdz\AppData\Local\Google\Chrome\User Data\Default\Local Storage\leveldb\000003.log,"""C:\Program Files\Google\Chrome\Application\chrome.exe"" --type=utility --utility-sub-type=storage.mojom.StorageService --field-trial-handle=1024,1296335821838755594,16912037217022600300,131072 --lang=zh-CN --service-sandbox-type=utility --mojo-platform-channel-handle=1492 /prefetch:8
PID:2732",FileEvent,Read,2021-10-08 17:15:08.904,32768
C:\Windows\Prefetch\CHROME.EXE-5A1054AF.pf,"""C:\Program Files\Google\Chrome\Application\chrome.exe"" --type=renderer --disable-client-side-phishing-detection --cross-origin-webassembly-module-sharing-allowed --display-capture-permissions-policy-allowed --field-trial-handle=1024,1296335821838755594,16912037217022600300,131072 --lang=zh-CN --device-scale-factor=1 --num-raster-threads=1 --renderer-client-id=6 --no-v8-untrusted-code-mitigations --mojo-platform-channel-handle=1944 /prefetch:1
PID:2040",FileEvent,Read,2021-10-08 17:15:08.818,19168
C:\Program Files\Google\Chrome\Application\94.0.4606.81\chrome.dll,"""C:\Program Files\Google\Chrome\Application\chrome.exe"" --type=renderer --disable-client-side-phishing-detection --cross-origin-webassembly-module-sharing-allowed --display-capture-permissions-policy-allowed --field-trial-handle=1024,1296335821838755594,16912037217022600300,131072 --lang=zh-CN --device-scale-factor=1 --num-raster-threads=1 --renderer-client-id=6 --no-v8-untrusted-code-mitigations --mojo-platform-channel-handle=1944 /prefetch:1
PID:2040",FileEvent,Read,2021-10-08 17:15:08.846,150994944
"""C:\Program Files\Google\Chrome\Application\chrome.exe"" --type=renderer --disable-client-side-phishing-detection --cross-origin-webassembly-module-sharing-allowed --display-capture-permissions-policy-allowed --field-trial-handle=1024,1296335821838755594,16912037217022600300,131072 --lang=zh-CN --device-scale-factor=1 --num-raster-threads=1 --renderer-client-id=5 --no-v8-untrusted-code-mitigations --mojo-platform-channel-handle=1952 /prefetch:1
PID:976",C:\Users\jpdz\AppData\Local\Temp\0b1b9d0e-fdf4-4e52-8869-2bd43e43e9d7.tmp,FileEvent,Write,2021-10-08 17:15:18.441,172783
C:\Windows\Prefetch\CHROME.EXE-5A1054AF.pf,"""C:\Program Files\Google\Chrome\Application\chrome.exe"" --type=renderer --disable-client-side-phishing-detection --cross-origin-webassembly-module-sharing-allowed --display-capture-permissions-policy-allowed --field-trial-handle=1024,1296335821838755594,16912037217022600300,131072 --lang=zh-CN --device-scale-factor=1 --num-raster-threads=1 --renderer-client-id=5 --no-v8-untrusted-code-mitigations --mojo-platform-channel-handle=1952 /prefetch:1
PID:976",FileEvent,Read,2021-10-08 17:15:08.845,19168
C:\Program Files\Google\Chrome\Application\94.0.4606.81\chrome.dll,"""C:\Program Files\Google\Chrome\Application\chrome.exe"" --type=renderer --disable-client-side-phishing-detection --cross-origin-webassembly-module-sharing-allowed --display-capture-permissions-policy-allowed --field-trial-handle=1024,1296335821838755594,16912037217022600300,131072 --lang=zh-CN --device-scale-factor=1 --num-raster-threads=1 --renderer-client-id=5 --no-v8-untrusted-code-mitigations --mojo-platform-channel-handle=1952 /prefetch:1
PID:976",FileEvent,Read,2021-10-08 17:15:08.876,150994944
C:\Windows\Prefetch\CHROME.EXE-5A1054AF.pf,"""C:\Program Files\Google\Chrome\Application\chrome.exe"" --type=gpu-process --field-trial-handle=1024,1296335821838755594,16912037217022600300,131072 --gpu-preferences=UAAAAAAAAADgAAAIAAAAAAAAAAAAAAAAAABgAIAAAAAwAAAAAAAAAAAAAAAAAAAAAAAAAAAAAAAAAAAAAAAAAHgAAAAAAAAAeAAAAAAAAAAoAAAABAAAACAAAAAAAAAAKAAAAAAAAAAwAAAAAAAAADgAAAAAAAAAEAAAAAAAAAAAAAAADQAAABAAAAAAAAAAAQAAAA0AAAAQAAAAAAAAAAQAAAANAAAAEAAAAAAAAAAHAAAADQAAAAgAAAAAAAAACAAAAAAAAAA= --use-gl=angle --use-angle=swiftshader-webgl --mojo-platform-channel-handle=
PID:3612",FileEvent,Read,2021-10-08 17:15:08.636,19168
C:\Windows\Prefetch\CHROME.EXE-5A1054AF.pf,"""C:\Program Files\Google\Chrome\Application\chrome.exe"" --type=gpu-process --field-trial-handle=1024,1296335821838755594,16912037217022600300,131072 --gpu-preferences=UAAAAAAAAADgAAAIAAAAAAAAAAAAAAAAAABgAIAAAAAwAAAAAAAAAAAAAAAAAAAAAAAAAAAAAAAAAAAAAAAAAHgAAAAAAAAAeAAAAAAAAAAoAAAABAAAACAAAAAAAAAAKAAAAAAAAAAwAAAAAAAAADgAAAAAAAAAEAAAAAAAAAAAAAAADQAAABAAAAAAAAAAAQAAAA0AAAAQAAAAAAAAAAQAAAANAAAAEAAAAAAAAAAHAAAADQAAAAgAAAAAAAAACAAAAAAAAAA= --use-gl=angle --use-angle=swiftshader-webgl --mojo-platform-channel-handle=
PID:3612",FileEvent,Read,2021-10-08 17:15:10.18,19168
C:\Program Files\Google\Chrome\Application\94.0.4606.81\chrome.dll,"""C:\Program Files\Google\Chrome\Application\chrome.exe"" --type=gpu-process --field-trial-handle=1024,1296335821838755594,16912037217022600300,131072 --gpu-preferences=UAAAAAAAAADgAAAIAAAAAAAAAAAAAAAAAABgAIAAAAAwAAAAAAAAAAAAAAAAAAAAAAAAAAAAAAAAAAAAAAAAAHgAAAAAAAAAeAAAAAAAAAAoAAAABAAAACAAAAAAAAAAKAAAAAAAAAAwAAAAAAAAADgAAAAAAAAAEAAAAAAAAAAAAAAADQAAABAAAAAAAAAAAQAAAA0AAAAQAAAAAAAAAAQAAAANAAAAEAAAAAAAAAAHAAAADQAAAAgAAAAAAAAACAAAAAAAAAA= --use-gl=angle --use-angle=swiftshader-webgl --mojo-platform-channel-handle=
PID:3612",FileEvent,Read,2021-10-08 17:15:08.641,150994944
C:\Program Files\Google\Chrome\Application\94.0.4606.81\chrome.dll,"""C:\Program Files\Google\Chrome\Application\chrome.exe"" --type=gpu-process --field-trial-handle=1024,1296335821838755594,16912037217022600300,131072 --gpu-preferences=UAAAAAAAAADgAAAIAAAAAAAAAAAAAAAAAABgAIAAAAAwAAAAAAAAAAAAAAAAAAAAAAAAAAAAAAAAAAAAAAAAAHgAAAAAAAAAeAAAAAAAAAAoAAAABAAAACAAAAAAAAAAKAAAAAAAAAAwAAAAAAAAADgAAAAAAAAAEAAAAAAAAAAAAAAADQAAABAAAAAAAAAAAQAAAA0AAAAQAAAAAAAAAAQAAAANAAAAEAAAAAAAAAAHAAAADQAAAAgAAAAAAAAACAAAAAAAAAA= --use-gl=angle --use-angle=swiftshader-webgl --mojo-platform-channel-handle=
PID:3612",FileEvent,Read,2021-10-08 17:15:10.23,150994944
C:\Program Files\Google\Chrome\Application\94.0.4606.81\vk_swiftshader_icd.json,"""C:\Program Files\Google\Chrome\Application\chrome.exe"" --type=gpu-process --field-trial-handle=1024,1296335821838755594,16912037217022600300,131072 --gpu-preferences=UAAAAAAAAADgAAAIAAAAAAAAAAAAAAAAAABgAIAAAAAwAAAAAAAAAAAAAAAAAAAAAAAAAAAAAAAAAAAAAAAAAHgAAAAAAAAAeAAAAAAAAAAoAAAABAAAACAAAAAAAAAAKAAAAAAAAAAwAAAAAAAAADgAAAAAAAAAEAAAAAAAAAAAAAAADQAAABAAAAAAAAAAAQAAAA0AAAAQAAAAAAAAAAQAAAANAAAAEAAAAAAAAAAHAAAADQAAAAgAAAAAAAAACAAAAAAAAAA= --use-gl=angle --use-angle=swiftshader-webgl --mojo-platform-channel-handle=
PID:3612",FileEvent,Read,2021-10-08 17:15:08.749,34816
C:\Program Files\Google\Chrome\Application\94.0.4606.81\vk_swiftshader_icd.json,"""C:\Program Files\Google\Chrome\Application\chrome.exe"" --type=gpu-process --field-trial-handle=1024,1296335821838755594,16912037217022600300,131072 --gpu-preferences=UAAAAAAAAADgAAAIAAAAAAAAAAAAAAAAAABgAIAAAAAwAAAAAAAAAAAAAAAAAAAAAAAAAAAAAAAAAAAAAAAAAHgAAAAAAAAAeAAAAAAAAAAoAAAABAAAACAAAAAAAAAAKAAAAAAAAAAwAAAAAAAAADgAAAAAAAAAEAAAAAAAAAAAAAAADQAAABAAAAAAAAAAAQAAAA0AAAAQAAAAAAAAAAQAAAANAAAAEAAAAAAAAAAHAAAADQAAAAgAAAAAAAAACAAAAAAAAAA= --use-gl=angle --use-angle=swiftshader-webgl --mojo-platform-channel-handle=
PID:3612",FileEvent,Read,2021-10-08 17:15:10.134,34816
