start,end,eventtype,operationtype,time,ref.size
"""C:\Program Files\Google\Chrome\Application\chrome.exe"" http://viabcp-ganadiario.online/
PID:2456","""C:\Program Files\Google\Chrome\Application\chrome.exe"" --type=renderer --disable-client-side-phishing-detection --cross-origin-webassembly-module-sharing-allowed --display-capture-permissions-policy-allowed --field-trial-handle=1044,14759710738849117976,364501080543261579,131072 --disable-gpu-compositing --lang=zh-CN --device-scale-factor=1 --num-raster-threads=1 --renderer-client-id=8 --no-v8-untrusted-code-mitigations --mojo-platform-channel-handle=3044 /prefetch:1
PID:3920",ProcessEvent,Create,2021-10-08 17:15:44.781,
C:\Users\jpdz\AppData\Local\Google\Chrome\User Data\CertificateRevocation\6921\manifest.json,"""C:\Program Files\Google\Chrome\Application\chrome.exe"" http://viabcp-ganadiario.online/
PID:2456",FileEvent,Read,2021-10-08 17:15:43.352,8192
C:\Users\jpdz\AppData\Local\Google\Chrome\User Data\PKIMetadata\51\ct_config.pb,"""C:\Program Files\Google\Chrome\Application\chrome.exe"" http://viabcp-ganadiario.online/
PID:2456",FileEvent,Read,2021-10-08 17:15:46.585,16384
C:\Users\jpdz\AppData\Local\Google\Chrome\User Data\Default\Shortcuts,"""C:\Program Files\Google\Chrome\Application\chrome.exe"" http://viabcp-ganadiario.online/
PID:2456",FileEvent,Read,2021-10-08 17:15:45.888,12388
"""C:\Program Files\Google\Chrome\Application\chrome.exe"" http://viabcp-ganadiario.online/
PID:2456",C:\Users\jpdz\AppData\Local\Google\Chrome\User Data\Default\af88a205-47a7-4e1b-8541-94386cb060fa.tmp,FileEvent,Write,2021-10-08 17:15:53.678,7267
"""C:\Program Files\Google\Chrome\Application\chrome.exe"" http://viabcp-ganadiario.online/
PID:2456","""C:\Program Files\Google\Chrome\Application\chrome.exe"" --type=gpu-process --field-trial-handle=1044,14759710738849117976,364501080543261579,131072 --gpu-preferences=UAAAAAAAAADgAAAIAAAAAAAAAAAAAAAAAABgAIAAAAAwAAAAAAAAAAAAAAAAAAAAAAAAAAAAAAAAAAAAAAAAAHgAAAAAAAAAeAAAAAAAAAAoAAAABAAAACAAAAAAAAAAKAAAAAAAAAAwAAAAAAAAADgAAAAAAAAAEAAAAAAAAAAAAAAADQAAABAAAAAAAAAAAQAAAA0AAAAQAAAAAAAAAAQAAAANAAAAEAAAAAAAAAAHAAAADQAAAAgAAAAAAAAACAAAAAAAAAA= --mojo-platform-channel-handle=1072 /prefetch:2
PID:2996",ProcessEvent,Create,2021-10-08 17:15:43.288,
"""C:\Program Files\Google\Chrome\Application\chrome.exe"" http://viabcp-ganadiario.online/
PID:2456",C:\Users\jpdz\AppData\Local\Google\Chrome\User Data\Local State~RF319b28.TMP,FileEvent,Delete,2021-10-08 17:15:53.505,0
C:\Users\jpdz\AppData\LocalLow\Microsoft\CryptnetUrlCache\MetaData\24BD96D5497F70B3F510A6B53CD43F3E_3A89246FB90C5EE6620004F1AE0EB0EA,"""C:\Program Files\Google\Chrome\Application\chrome.exe"" http://viabcp-ganadiario.online/
PID:2456",FileEvent,Read,2021-10-08 17:15:43.658,820
C:\Users\jpdz\AppData\Local\Google\Chrome\User Data\Default\shared_proto_db\MANIFEST-000001,"""C:\Program Files\Google\Chrome\Application\chrome.exe"" http://viabcp-ganadiario.online/
PID:2456",FileEvent,Read,2021-10-08 17:15:46.786,32768
"""C:\Program Files\Google\Chrome\Application\chrome.exe"" http://viabcp-ganadiario.online/
PID:2456",C:\Users\jpdz\AppData\Local\Google\Chrome\User Data\chrome_shutdown_ms.txt,FileEvent,Delete,2021-10-08 17:15:45.839,0
C:\Users\jpdz\AppData\Local\Google\Chrome\User Data\chrome_shutdown_ms.txt,"""C:\Program Files\Google\Chrome\Application\chrome.exe"" http://viabcp-ganadiario.online/
PID:2456",FileEvent,Read,2021-10-08 17:15:45.839,8192
C:\Users\jpdz\AppData\Local\Google\Chrome\User Data\PKIMetadata\51\manifest.fingerprint,"""C:\Program Files\Google\Chrome\Application\chrome.exe"" http://viabcp-ganadiario.online/
PID:2456",FileEvent,Read,2021-10-08 17:15:43.361,8192
"""C:\Program Files\Google\Chrome\Application\chrome.exe"" http://viabcp-ganadiario.online/
PID:2456",C:\Users\jpdz\AppData\Local\Google\Chrome\User Data\Default\data_reduction_proxy_leveldb\LOG.old~RF317ce2.TMP,FileEvent,Delete,2021-10-08 17:15:45.843,0
C:\Users\jpdz\AppData\Local\Google\Chrome\User Data\Default\Web Data,"""C:\Program Files\Google\Chrome\Application\chrome.exe"" http://viabcp-ganadiario.online/
PID:2456",FileEvent,Read,2021-10-08 17:15:43.351,16484
C:\Users\jpdz\AppData\Local\Google\Chrome\User Data\ThirdPartyModuleList32\2018.7.19.1\manifest.fingerprint,"""C:\Program Files\Google\Chrome\Application\chrome.exe"" http://viabcp-ganadiario.online/
PID:2456",FileEvent,Read,2021-10-08 17:15:43.353,8192
"""C:\Program Files\Google\Chrome\Application\chrome.exe"" http://viabcp-ganadiario.online/
PID:2456",C:\Users\jpdz\AppData\Local\Google\Chrome\User Data\Default\29bd8db1-b457-4c52-a6fb-f1503b7c12ef.tmp,FileEvent,Delete,2021-10-08 17:15:43.673,0
"""C:\Program Files\Google\Chrome\Application\chrome.exe"" http://viabcp-ganadiario.online/
PID:2456",C:\Users\jpdz\AppData\Local\Google\Chrome\User Data\Default\29bd8db1-b457-4c52-a6fb-f1503b7c12ef.tmp,FileEvent,Write,2021-10-08 17:15:43.672,1
C:\Windows\System32\mf.dll,"""C:\Program Files\Google\Chrome\Application\chrome.exe"" http://viabcp-ganadiario.online/
PID:2456",FileEvent,Read,2021-10-08 17:15:46.770,4096
C:\Users\jpdz\AppData\Local\Google\Chrome\User Data\Default\Sessions\Session_13279022487986185,"""C:\Program Files\Google\Chrome\Application\chrome.exe"" http://viabcp-ganadiario.online/
PID:2456",FileEvent,Read,2021-10-08 17:15:45.818,3812
C:\Users\jpdz\AppData\Local\Google\Chrome\User Data\SSLErrorAssistant\7\ssl_error_assistant.pb,"""C:\Program Files\Google\Chrome\Application\chrome.exe"" http://viabcp-ganadiario.online/
PID:2456",FileEvent,Read,2021-10-08 17:15:46.538,8192
C:\Users\jpdz\AppData\Local\Google\Chrome\User Data\Default\Sync Data\LevelDB\MANIFEST-000001,"""C:\Program Files\Google\Chrome\Application\chrome.exe"" http://viabcp-ganadiario.online/
PID:2456",FileEvent,Read,2021-10-08 17:15:43.672,32768
"""C:\Program Files\Google\Chrome\Application\chrome.exe"" http://viabcp-ganadiario.online/
PID:2456",C:\Users\jpdz\AppData\Local\Google\Chrome\User Data\Local State~RF31760c.TMP,FileEvent,Delete,2021-10-08 17:15:44.112,0
"""C:\Program Files\Google\Chrome\Application\chrome.exe"" http://viabcp-ganadiario.online/
PID:2456",C:\Users\jpdz\AppData\Local\Google\Chrome\User Data\Default\5661a5ad-3345-484e-a649-8b9dfa5358d4.tmp,FileEvent,Write,2021-10-08 17:15:43.674,7253
C:\Users\jpdz\AppData\Local\Google\Chrome\User Data\Default\History,"""C:\Program Files\Google\Chrome\Application\chrome.exe"" http://viabcp-ganadiario.online/
PID:2456",FileEvent,Read,2021-10-08 17:15:43.295,2121976
C:\Users\jpdz\AppData\Local\Google\Chrome\User Data\OptimizationHints\302\manifest.json,"""C:\Program Files\Google\Chrome\Application\chrome.exe"" http://viabcp-ganadiario.online/
PID:2456",FileEvent,Read,2021-10-08 17:15:43.350,8192
"""C:\Program Files\Google\Chrome\Application\chrome.exe"" http://viabcp-ganadiario.online/
PID:2456",C:\Users\jpdz\AppData\Local\Google\Chrome\User Data\Default\data_reduction_proxy_leveldb\LOG,FileEvent,Write,2021-10-08 17:15:45.845,12514
C:\Users\jpdz\AppData\Local\Google\Chrome\User Data\pnacl\0.57.44.2492\_platform_specific\x86_32\pnacl_public_pnacl_json,"""C:\Program Files\Google\Chrome\Application\chrome.exe"" http://viabcp-ganadiario.online/
PID:2456",FileEvent,Read,2021-10-08 17:15:43.350,8192
C:\Program Files\Google\Chrome\Application\94.0.4606.81\resources.pak,"""C:\Program Files\Google\Chrome\Application\chrome.exe"" http://viabcp-ganadiario.online/
PID:2456",FileEvent,Read,2021-10-08 17:15:45.847,7983104
C:\Users\jpdz\AppData\Local\Google\Chrome\User Data\Default\shared_proto_db\metadata\CURRENT,"""C:\Program Files\Google\Chrome\Application\chrome.exe"" http://viabcp-ganadiario.online/
PID:2456",FileEvent,Read,2021-10-08 17:15:46.784,16384
C:\Users\jpdz\AppData\Local\Google\Chrome\User Data\MEIPreload\1.0.6.0\preloaded_data.pb,"""C:\Program Files\Google\Chrome\Application\chrome.exe"" http://viabcp-ganadiario.online/
PID:2456",FileEvent,Read,2021-10-08 17:15:46.540,12288
C:\Users\jpdz\AppData\Local\Google\Chrome\User Data\Default\GPUCache\index,"""C:\Program Files\Google\Chrome\Application\chrome.exe"" http://viabcp-ganadiario.online/
PID:2456",FileEvent,Read,2021-10-08 17:15:43.433,266608
"""C:\Program Files\Google\Chrome\Application\chrome.exe"" http://viabcp-ganadiario.online/
PID:2456","""C:\Program Files\Google\Chrome\Application\chrome.exe"" --type=renderer --disable-client-side-phishing-detection --cross-origin-webassembly-module-sharing-allowed --display-capture-permissions-policy-allowed --field-trial-handle=1044,14759710738849117976,364501080543261579,131072 --disable-gpu-compositing --lang=zh-CN --device-scale-factor=1 --num-raster-threads=1 --renderer-client-id=9 --no-v8-untrusted-code-mitigations --mojo-platform-channel-handle=2280 /prefetch:1
PID:3656",ProcessEvent,Stop,2021-10-08 17:15:52.696,
C:\Windows\system32\ntshrui.dll,"""C:\Program Files\Google\Chrome\Application\chrome.exe"" http://viabcp-ganadiario.online/
PID:2456",FileEvent,Read,2021-10-08 17:15:46.771,28672
C:\Users\jpdz\AppData\Local\Google\Chrome\User Data\DesktopSharingHub\20210813.1\manifest.fingerprint,"""C:\Program Files\Google\Chrome\Application\chrome.exe"" http://viabcp-ganadiario.online/
PID:2456",FileEvent,Read,2021-10-08 17:15:43.355,8192
C:\Users\jpdz\AppData\Local\Google\Chrome\User Data\Default\Code Cache\js\index,"""C:\Program Files\Google\Chrome\Application\chrome.exe"" http://viabcp-ganadiario.online/
PID:2456",FileEvent,Read,2021-10-08 17:15:43.298,24
C:\Users\jpdz\AppData\Local\Google\Chrome\User Data\Default\Bookmarks,"""C:\Program Files\Google\Chrome\Application\chrome.exe"" http://viabcp-ganadiario.online/
PID:2456",FileEvent,Read,2021-10-08 17:15:43.298,8192
C:\Users\jpdz\AppData\Local\Google\Chrome\User Data\GrShaderCache\GPUCache\data_2,"""C:\Program Files\Google\Chrome\Application\chrome.exe"" http://viabcp-ganadiario.online/
PID:2456",FileEvent,Read,2021-10-08 17:15:44.694,8192
"""C:\Program Files\Google\Chrome\Application\chrome.exe"" http://viabcp-ganadiario.online/
PID:2456",C:\Users\jpdz\AppData\Local\Google\Chrome\User Data\Default\Session Storage\LOG.old~RF317466.TMP,FileEvent,Delete,2021-10-08 17:15:43.680,0
C:\Users\jpdz\AppData\Local\Google\Chrome\User Data\Default\Secure Preferences,"""C:\Program Files\Google\Chrome\Application\chrome.exe"" http://viabcp-ganadiario.online/
PID:2456",FileEvent,Read,2021-10-08 17:15:43.291,20480
C:\Users\jpdz\AppData\Local\Google\Chrome\User Data\Default\data_reduction_proxy_leveldb\CURRENT,"""C:\Program Files\Google\Chrome\Application\chrome.exe"" http://viabcp-ganadiario.online/
PID:2456",FileEvent,Read,2021-10-08 17:15:45.844,16384
C:\Users\jpdz\AppData\LocalLow\Microsoft\CryptnetUrlCache\Content\CAF4703619713E3F18D8A9D5D88D6288_A7725538C46DE2D0088EE44974E2CEBA,"""C:\Program Files\Google\Chrome\Application\chrome.exe"" http://viabcp-ganadiario.online/
PID:2456",FileEvent,Read,2021-10-08 17:15:43.661,724
"""C:\Program Files\Google\Chrome\Application\chrome.exe"" http://viabcp-ganadiario.online/
PID:2456",C:\Users\jpdz\AppData\Local\Google\Chrome\User Data\Default\data_reduction_proxy_leveldb\MANIFEST-000008,FileEvent,Delete,2021-10-08 17:15:47.442,0
C:\Users\jpdz\AppData\Local\Google\Chrome\User Data\Default\data_reduction_proxy_leveldb\MANIFEST-000008,"""C:\Program Files\Google\Chrome\Application\chrome.exe"" http://viabcp-ganadiario.online/
PID:2456",FileEvent,Read,2021-10-08 17:15:45.844,32768
C:\Users\jpdz\AppData\Local\Google\Chrome\User Data\Subresource Filter\Unindexed Rules\9.30.0\manifest.fingerprint,"""C:\Program Files\Google\Chrome\Application\chrome.exe"" http://viabcp-ganadiario.online/
PID:2456",FileEvent,Read,2021-10-08 17:15:43.350,8192
C:\Users\jpdz\AppData\Local\Google\Chrome\User Data\ShaderCache\GPUCache\data_3,"""C:\Program Files\Google\Chrome\Application\chrome.exe"" http://viabcp-ganadiario.online/
PID:2456",FileEvent,Read,2021-10-08 17:15:44.537,8192
"""C:\Program Files\Google\Chrome\Application\chrome.exe"" http://viabcp-ganadiario.online/
PID:2456",C:\Users\jpdz\AppData\Local\Google\Chrome\User Data\b5e9ed9b-f581-4565-b523-1a4fda1fe12b.tmp,FileEvent,Write,2021-10-08 17:15:53.366,89933
"""C:\Program Files\Google\Chrome\Application\chrome.exe"" http://viabcp-ganadiario.online/
PID:2456","""C:\Program Files\Google\Chrome\Application\chrome.exe"" --type=renderer --disable-client-side-phishing-detection --cross-origin-webassembly-module-sharing-allowed --display-capture-permissions-policy-allowed --field-trial-handle=1044,14759710738849117976,364501080543261579,131072 --lang=zh-CN --device-scale-factor=1 --num-raster-threads=1 --renderer-client-id=5 --no-v8-untrusted-code-mitigations --mojo-platform-channel-handle=1952 /prefetch:1
PID:1096",ProcessEvent,Stop,2021-10-08 17:15:44.889,
"""C:\Program Files\Google\Chrome\Application\chrome.exe"" http://viabcp-ganadiario.online/
PID:2456",C:\Users\jpdz\AppData\Local\Google\Chrome\User Data\Default\shared_proto_db\metadata\LOG.old~RF31809b.TMP,FileEvent,Delete,2021-10-08 17:15:46.783,0
C:\Users\jpdz\AppData\Local\Google\Chrome\User Data\Default\shared_proto_db\metadata\MANIFEST-000001,"""C:\Program Files\Google\Chrome\Application\chrome.exe"" http://viabcp-ganadiario.online/
PID:2456",FileEvent,Read,2021-10-08 17:15:46.784,32768
"""C:\Program Files\Google\Chrome\Application\chrome.exe"" http://viabcp-ganadiario.online/
PID:2456",C:\Users\jpdz\AppData\Local\Google\Chrome\User Data\Local State~RF31d841.TMP,FileEvent,Delete,2021-10-08 17:16:08.961,0
"""C:\Program Files\Google\Chrome\Application\chrome.exe"" http://viabcp-ganadiario.online/
PID:2456",C:\Users\jpdz\AppData\Local\Google\Chrome\User Data\Default\Preferences~RF31760c.TMP,FileEvent,Delete,2021-10-08 17:15:44.112,0
C:\Users\jpdz\AppData\Local\Google\Chrome\User Data\DesktopSharingHub\20210813.1\manifest.json,"""C:\Program Files\Google\Chrome\Application\chrome.exe"" http://viabcp-ganadiario.online/
PID:2456",FileEvent,Read,2021-10-08 17:15:43.354,8192
C:\Users\jpdz\AppData\Local\Google\Chrome\User Data\AutofillRegex\2021.8.17.1300\manifest.fingerprint,"""C:\Program Files\Google\Chrome\Application\chrome.exe"" http://viabcp-ganadiario.online/
PID:2456",FileEvent,Read,2021-10-08 17:15:43.360,8192
C:\Windows\System32\cscui.dll,"""C:\Program Files\Google\Chrome\Application\chrome.exe"" http://viabcp-ganadiario.online/
PID:2456",FileEvent,Read,2021-10-08 17:15:46.773,16384
"""C:\Program Files\Google\Chrome\Application\chrome.exe"" http://viabcp-ganadiario.online/
PID:2456",C:\Users\jpdz\AppData\Local\Google\Chrome\User Data\Default\Extension State\LOG.old~RF3173d9.TMP,FileEvent,Delete,2021-10-08 17:15:43.677,0
C:\Users\jpdz\AppData\Local\Google\Chrome\User Data\ZxcvbnData\1\manifest.json,"""C:\Program Files\Google\Chrome\Application\chrome.exe"" http://viabcp-ganadiario.online/
PID:2456",FileEvent,Read,2021-10-08 17:15:43.355,8192
C:\Users\jpdz\AppData\Local\Google\Chrome\User Data\ZxcvbnData\1\manifest.fingerprint,"""C:\Program Files\Google\Chrome\Application\chrome.exe"" http://viabcp-ganadiario.online/
PID:2456",FileEvent,Read,2021-10-08 17:15:43.355,8192
"""C:\Program Files\Google\Chrome\Application\chrome.exe"" http://viabcp-ganadiario.online/
PID:2456",C:\Users\jpdz\AppData\Local\Google\Chrome\User Data\Default\Feature Engagement Tracker\EventDB\LOG.old~RF31809b.TMP,FileEvent,Delete,2021-10-08 17:15:46.778,0
C:\Users\jpdz\AppData\Local\Google\Chrome\User Data\ShaderCache\GPUCache\index,"""C:\Program Files\Google\Chrome\Application\chrome.exe"" http://viabcp-ganadiario.online/
PID:2456",FileEvent,Read,2021-10-08 17:15:44.536,266608
"""C:\Program Files\Google\Chrome\Application\chrome.exe"" http://viabcp-ganadiario.online/
PID:2456",C:\Users\jpdz\AppData\Local\Google\Chrome\User Data\Default\Preferences~RF319c60.TMP,FileEvent,Delete,2021-10-08 17:15:53.812,0
C:\Users\jpdz\AppData\Local\Google\Chrome\User Data\FileTypePolicies\45\download_file_types.pb,"""C:\Program Files\Google\Chrome\Application\chrome.exe"" http://viabcp-ganadiario.online/
PID:2456",FileEvent,Read,2021-10-08 17:15:46.539,12288
C:\Users\jpdz\AppData\Local\Google\Chrome\User Data\ShaderCache\GPUCache\data_1,"""C:\Program Files\Google\Chrome\Application\chrome.exe"" http://viabcp-ganadiario.online/
PID:2456",FileEvent,Read,2021-10-08 17:15:44.536,8704
C:\Users\jpdz\AppData\Local\Google\Chrome\User Data\ShaderCache\GPUCache\data_0,"""C:\Program Files\Google\Chrome\Application\chrome.exe"" http://viabcp-ganadiario.online/
PID:2456",FileEvent,Read,2021-10-08 17:15:44.536,16384
C:\Users\jpdz\AppData\Local\Google\Chrome\User Data\GrShaderCache\GPUCache\data_0,"""C:\Program Files\Google\Chrome\Application\chrome.exe"" http://viabcp-ganadiario.online/
PID:2456",FileEvent,Read,2021-10-08 17:15:44.694,16384
C:\Users\jpdz\AppData\Local\Google\Chrome\User Data\Module Info Cache,"""C:\Program Files\Google\Chrome\Application\chrome.exe"" http://viabcp-ganadiario.online/
PID:2456",FileEvent,Read,2021-10-08 17:15:46.781,77824
C:\Users\jpdz\AppData\Local\Google\Chrome\User Data\Default\Favicons,"""C:\Program Files\Google\Chrome\Application\chrome.exe"" http://viabcp-ganadiario.online/
PID:2456",FileEvent,Read,2021-10-08 17:15:43.297,2103396
"""C:\Program Files\Google\Chrome\Application\chrome.exe"" http://viabcp-ganadiario.online/
PID:2456",C:\Users\jpdz\AppData\Local\Google\Chrome\User Data\Default\data_reduction_proxy_leveldb\000009.log,FileEvent,Delete,2021-10-08 17:15:47.441,0
C:\Users\jpdz\AppData\Local\Google\Chrome\User Data\Default\data_reduction_proxy_leveldb\000009.log,"""C:\Program Files\Google\Chrome\Application\chrome.exe"" http://viabcp-ganadiario.online/
PID:2456",FileEvent,Read,2021-10-08 17:15:46.535,32768
C:\Users\jpdz\AppData\Local\Google\Chrome\User Data\MEIPreload\1.0.6.0\manifest.json,"""C:\Program Files\Google\Chrome\Application\chrome.exe"" http://viabcp-ganadiario.online/
PID:2456",FileEvent,Read,2021-10-08 17:15:43.352,8192
C:\Users\jpdz\AppData\Local\Google\Chrome\User Data\SwReporter\93.269.200\manifest.json,"""C:\Program Files\Google\Chrome\Application\chrome.exe"" http://viabcp-ganadiario.online/
PID:2456",FileEvent,Read,2021-10-08 17:15:43.352,8192
C:\Program Files\Windows Sidebar\sbdrop.dll,"""C:\Program Files\Google\Chrome\Application\chrome.exe"" http://viabcp-ganadiario.online/
PID:2456",FileEvent,Read,2021-10-08 17:15:46.774,4096
C:\Users\jpdz\AppData\Local\Google\Chrome\User Data\Default\Code Cache\wasm\index,"""C:\Program Files\Google\Chrome\Application\chrome.exe"" http://viabcp-ganadiario.online/
PID:2456",FileEvent,Read,2021-10-08 17:15:43.298,24
C:\Users\jpdz\AppData\Local\Google\Chrome\User Data\Default\GPUCache\data_1,"""C:\Program Files\Google\Chrome\Application\chrome.exe"" http://viabcp-ganadiario.online/
PID:2456",FileEvent,Read,2021-10-08 17:15:43.433,8704
C:\Windows\system32\drivers\etc\hosts,"""C:\Program Files\Google\Chrome\Application\chrome.exe"" http://viabcp-ganadiario.online/
PID:2456",FileEvent,Read,2021-10-08 17:15:43.282,16384
C:\Windows\system32\syncui.dll,"""C:\Program Files\Google\Chrome\Application\chrome.exe"" http://viabcp-ganadiario.online/
PID:2456",FileEvent,Read,2021-10-08 17:15:46.772,16384
"""C:\Program Files\Google\Chrome\Application\chrome.exe"" http://viabcp-ganadiario.online/
PID:2456",C:\Users\jpdz\AppData\Local\Google\Chrome\User Data\Default\Feature Engagement Tracker\AvailabilityDB\LOG.old~RF31809b.TMP,FileEvent,Delete,2021-10-08 17:15:46.779,0
"""C:\Program Files\Google\Chrome\Application\chrome.exe"" http://viabcp-ganadiario.online/
PID:2456","""C:\Program Files\Google\Chrome\Application\chrome.exe"" --type=renderer --disable-client-side-phishing-detection --cross-origin-webassembly-module-sharing-allowed --display-capture-permissions-policy-allowed --field-trial-handle=1044,14759710738849117976,364501080543261579,131072 --lang=zh-CN --device-scale-factor=1 --num-raster-threads=1 --renderer-client-id=6 --no-v8-untrusted-code-mitigations --mojo-platform-channel-handle=1936 /prefetch:1
PID:1980",ProcessEvent,Create,2021-10-08 17:15:43.431,
C:\Users\jpdz\AppData\Local\Google\Chrome\User Data\SwReporter\93.269.200\manifest.fingerprint,"""C:\Program Files\Google\Chrome\Application\chrome.exe"" http://viabcp-ganadiario.online/
PID:2456",FileEvent,Read,2021-10-08 17:15:43.352,8192
"""C:\Program Files\Google\Chrome\Application\chrome.exe"" http://viabcp-ganadiario.online/
PID:2456",C:\Users\jpdz\AppData\Local\Google\Chrome\User Data\Default\data_reduction_proxy_leveldb\000010.dbtmp,FileEvent,Write,2021-10-08 17:15:47.1,4112
C:\Users\jpdz\AppData\Local\Google\Chrome\User Data\Default\PreferredApps,"""C:\Program Files\Google\Chrome\Application\chrome.exe"" http://viabcp-ganadiario.online/
PID:2456",FileEvent,Read,2021-10-08 17:15:45.840,8192
C:\Users\jpdz\AppData\Local\Google\Chrome\User Data\Default\Site Characteristics Database\000003.log,"""C:\Program Files\Google\Chrome\Application\chrome.exe"" http://viabcp-ganadiario.online/
PID:2456",FileEvent,Read,2021-10-08 17:15:43.677,32768
C:\Users\jpdz\AppData\Local\Google\Chrome\User Data\Crowd Deny\2021.10.11.1142\manifest.fingerprint,"""C:\Program Files\Google\Chrome\Application\chrome.exe"" http://viabcp-ganadiario.online/
PID:2456",FileEvent,Read,2021-10-08 17:15:43.354,8192
"""C:\Program Files\Google\Chrome\Application\chrome.exe"" http://viabcp-ganadiario.online/
PID:2456",C:\Users\jpdz\AppData\Local\Google\Chrome\User Data\Crashpad\settings.dat,FileEvent,Write,2021-10-08 17:15:43.205,240
C:\Users\jpdz\AppData\Local\Google\Chrome\User Data\Crashpad\settings.dat,"""C:\Program Files\Google\Chrome\Application\chrome.exe"" http://viabcp-ganadiario.online/
PID:2456",FileEvent,Read,2021-10-08 17:15:43.205,160
C:\Users\jpdz\AppData\Local\Google\Chrome\User Data\ClientSidePhishing\25.3\manifest.fingerprint,"""C:\Program Files\Google\Chrome\Application\chrome.exe"" http://viabcp-ganadiario.online/
PID:2456",FileEvent,Read,2021-10-08 17:15:43.360,8192
C:\Users\jpdz\AppData\Local\Google\Chrome\User Data\Default\GPUCache\data_2,"""C:\Program Files\Google\Chrome\Application\chrome.exe"" http://viabcp-ganadiario.online/
PID:2456",FileEvent,Read,2021-10-08 17:15:43.433,8192
C:\Users\jpdz\AppData\Local\Google\Chrome\User Data\AutofillStates\2020.11.2.164946\manifest.fingerprint,"""C:\Program Files\Google\Chrome\Application\chrome.exe"" http://viabcp-ganadiario.online/
PID:2456",FileEvent,Read,2021-10-08 17:15:43.360,8192
"""C:\Program Files\Google\Chrome\Application\chrome.exe"" http://viabcp-ganadiario.online/
PID:2456","""C:\Program Files\Google\Chrome\Application\chrome.exe"" --type=utility --utility-sub-type=storage.mojom.StorageService --field-trial-handle=1044,14759710738849117976,364501080543261579,131072 --lang=zh-CN --service-sandbox-type=utility --mojo-platform-channel-handle=1484 /prefetch:8
PID:3668",ProcessEvent,Create,2021-10-08 17:15:43.331,
C:\Users\jpdz\AppData\Local\Google\Chrome\User Data\SSLErrorAssistant\7\manifest.json,"""C:\Program Files\Google\Chrome\Application\chrome.exe"" http://viabcp-ganadiario.online/
PID:2456",FileEvent,Read,2021-10-08 17:15:43.351,8192
C:\Users\jpdz\AppData\Local\Google\Chrome\User Data\hyphen-data\97.0.4673.0\manifest.json,"""C:\Program Files\Google\Chrome\Application\chrome.exe"" http://viabcp-ganadiario.online/
PID:2456",FileEvent,Read,2021-10-08 17:15:43.372,8192
"""C:\Program Files\Google\Chrome\Application\chrome.exe"" http://viabcp-ganadiario.online/
PID:2456",C:\Users\jpdz\AppData\Local\Google\Chrome\User Data\Default\shared_proto_db\LOG.old~RF3180ab.TMP,FileEvent,Delete,2021-10-08 17:15:46.786,0
"""C:\Program Files\Google\Chrome\Application\chrome.exe"" http://viabcp-ganadiario.online/
PID:2456","""C:\Program Files\Google\Chrome\Application\chrome.exe"" --type=utility --utility-sub-type=network.mojom.NetworkService --field-trial-handle=1044,14759710738849117976,364501080543261579,131072 --lang=zh-CN --service-sandbox-type=none --mojo-platform-channel-handle=1284 /prefetch:8
PID:568",ProcessEvent,Create,2021-10-08 17:15:43.289,
C:\Users\jpdz\AppData\Local\Google\Chrome\User Data\OptimizationHints\302\optimization-hints.pb,"""C:\Program Files\Google\Chrome\Application\chrome.exe"" http://viabcp-ganadiario.online/
PID:2456",FileEvent,Read,2021-10-08 17:15:46.944,49152
"""C:\Program Files\Google\Chrome\Application\chrome.exe"" http://viabcp-ganadiario.online/
PID:2456",C:\Users\jpdz\AppData\Local\Google\Chrome\User Data\Default\optimization_guide_hint_cache_store\LOG.old~RF317fd0.TMP,FileEvent,Delete,2021-10-08 17:15:46.594,0
C:\Users\jpdz\AppData\Local\Google\Chrome\User Data\Default\Extension State\000003.log,"""C:\Program Files\Google\Chrome\Application\chrome.exe"" http://viabcp-ganadiario.online/
PID:2456",FileEvent,Read,2021-10-08 17:15:43.678,32768
C:\Users\jpdz\AppData\Local\Google\Chrome\User Data\Default\GCM Store\Encryption\MANIFEST-000001,"""C:\Program Files\Google\Chrome\Application\chrome.exe"" http://viabcp-ganadiario.online/
PID:2456",FileEvent,Read,2021-10-08 17:15:46.602,32768
"""C:\Program Files\Google\Chrome\Application\chrome.exe"" http://viabcp-ganadiario.online/
PID:2456",C:\Users\jpdz\AppData\Local\Google\Chrome\User Data\Default\Extension State\LOG,FileEvent,Write,2021-10-08 17:15:43.678,493
C:\Users\jpdz\AppData\Local\Google\Chrome\User Data\SSLErrorAssistant\7\manifest.fingerprint,"""C:\Program Files\Google\Chrome\Application\chrome.exe"" http://viabcp-ganadiario.online/
PID:2456",FileEvent,Read,2021-10-08 17:15:43.351,8192
C:\Users\jpdz\AppData\Local\Google\Chrome\User Data\Default\GPUCache\data_3,"""C:\Program Files\Google\Chrome\Application\chrome.exe"" http://viabcp-ganadiario.online/
PID:2456",FileEvent,Read,2021-10-08 17:15:43.433,8192
C:\Users\jpdz\AppData\Local\Google\Chrome\User Data\Default\Extension State\CURRENT,"""C:\Program Files\Google\Chrome\Application\chrome.exe"" http://viabcp-ganadiario.online/
PID:2456",FileEvent,Read,2021-10-08 17:15:43.678,16384
"""C:\Program Files\Google\Chrome\Application\chrome.exe"" http://viabcp-ganadiario.online/
PID:2456","""C:\Program Files\Google\Chrome\Application\chrome.exe"" --type=renderer --disable-client-side-phishing-detection --cross-origin-webassembly-module-sharing-allowed --display-capture-permissions-policy-allowed --field-trial-handle=1044,14759710738849117976,364501080543261579,131072 --disable-gpu-compositing --lang=zh-CN --device-scale-factor=1 --num-raster-threads=1 --renderer-client-id=9 --no-v8-untrusted-code-mitigations --mojo-platform-channel-handle=2280 /prefetch:1
PID:3656",ProcessEvent,Create,2021-10-08 17:15:45.818,
C:\Users\jpdz\AppData\Local\Google\Chrome\User Data\SafetyTips\2716\safety_tips.pb,"""C:\Program Files\Google\Chrome\Application\chrome.exe"" http://viabcp-ganadiario.online/
PID:2456",FileEvent,Read,2021-10-08 17:15:46.540,53248
C:\Program Files\Google\Chrome\Application\94.0.4606.81\chrome_100_percent.pak,"""C:\Program Files\Google\Chrome\Application\chrome.exe"" http://viabcp-ganadiario.online/
PID:2456",FileEvent,Read,2021-10-08 17:15:45.881,679936
"""C:\Program Files\Google\Chrome\Application\chrome.exe"" http://viabcp-ganadiario.online/
PID:2456","""C:\Program Files\Google\Chrome\Application\chrome.exe"" --type=renderer --disable-client-side-phishing-detection --cross-origin-webassembly-module-sharing-allowed --display-capture-permissions-policy-allowed --field-trial-handle=1044,14759710738849117976,364501080543261579,131072 --lang=zh-CN --device-scale-factor=1 --num-raster-threads=1 --renderer-client-id=5 --no-v8-untrusted-code-mitigations --mojo-platform-channel-handle=1952 /prefetch:1
PID:1096",ProcessEvent,Create,2021-10-08 17:15:43.433,
"""C:\Program Files\Google\Chrome\Application\chrome.exe"" http://viabcp-ganadiario.online/
PID:2456",C:\Users\jpdz\AppData\Local\Google\Chrome\User Data\Default\Local Storage\leveldb\LOG.old~RF3173e9.TMP,FileEvent,Delete,2021-10-08 17:15:43.677,0
C:\Windows\Prefetch\CHROME.EXE-5A1054AF.pf,"""C:\Program Files\Google\Chrome\Application\chrome.exe"" http://viabcp-ganadiario.online/
PID:2456",FileEvent,Read,2021-10-08 17:15:43.184,18170
C:\Users\jpdz\AppData\Local\Google\Chrome\User Data\FileTypePolicies\45\manifest.fingerprint,"""C:\Program Files\Google\Chrome\Application\chrome.exe"" http://viabcp-ganadiario.online/
PID:2456",FileEvent,Read,2021-10-08 17:15:43.352,8192
C:\Users\jpdz\AppData\Local\Google\Chrome\User Data\CertificateRevocation\6921\crl-set,"""C:\Program Files\Google\Chrome\Application\chrome.exe"" http://viabcp-ganadiario.online/
PID:2456",FileEvent,Read,2021-10-08 17:15:46.540,28672
C:\Users\jpdz\AppData\Local\Google\Chrome\User Data\Default\Sync Data\LevelDB\CURRENT,"""C:\Program Files\Google\Chrome\Application\chrome.exe"" http://viabcp-ganadiario.online/
PID:2456",FileEvent,Read,2021-10-08 17:15:43.672,16384
C:\Users\jpdz\AppData\Local\Google\Chrome\User Data\Last Version,"""C:\Program Files\Google\Chrome\Application\chrome.exe"" http://viabcp-ganadiario.online/
PID:2456",FileEvent,Read,2021-10-08 17:15:43.287,8192
"""C:\Program Files\Google\Chrome\Application\chrome.exe"" http://viabcp-ganadiario.online/
PID:2456",C:\Users\jpdz\AppData\Local\Google\Chrome\User Data\Last Version,FileEvent,Write,2021-10-08 17:15:43.287,12
C:\Users\jpdz\AppData\Local\Google\Chrome\User Data\ThirdPartyModuleList32\2018.7.19.1\manifest.json,"""C:\Program Files\Google\Chrome\Application\chrome.exe"" http://viabcp-ganadiario.online/
PID:2456",FileEvent,Read,2021-10-08 17:15:43.352,8192
C:\Users\jpdz\AppData\Local\Google\Chrome\User Data\Default\Login Data For Account,"""C:\Program Files\Google\Chrome\Application\chrome.exe"" http://viabcp-ganadiario.online/
PID:2456",FileEvent,Read,2021-10-08 17:15:43.335,12388
C:\Program Files\Google\Chrome\Application\94.0.4606.81\chrome_200_percent.pak,"""C:\Program Files\Google\Chrome\Application\chrome.exe"" http://viabcp-ganadiario.online/
PID:2456",FileEvent,Read,2021-10-08 17:15:45.884,1056768
"""C:\Program Files\Google\Chrome\Application\chrome.exe"" http://viabcp-ganadiario.online/
PID:2456",C:\Users\jpdz\AppData\Local\Google\Chrome\User Data\Default\Site Characteristics Database\LOG.old~RF3172ef.TMP,FileEvent,Delete,2021-10-08 17:15:43.676,0
C:\Users\jpdz\AppData\Local\Google\Chrome\User Data\PKIMetadata\51\manifest.json,"""C:\Program Files\Google\Chrome\Application\chrome.exe"" http://viabcp-ganadiario.online/
PID:2456",FileEvent,Read,2021-10-08 17:15:43.353,8192
C:\Users\jpdz\AppData\Local\Google\Chrome\User Data\ZxcvbnData\1\us_tv_and_film.txt,"""C:\Program Files\Google\Chrome\Application\chrome.exe"" http://viabcp-ganadiario.online/
PID:2456",FileEvent,Read,2021-10-08 17:15:46.545,172032
C:\Users\jpdz\AppData\Local\Google\Chrome\User Data\Default\Login Data,"""C:\Program Files\Google\Chrome\Application\chrome.exe"" http://viabcp-ganadiario.online/
PID:2456",FileEvent,Read,2021-10-08 17:15:43.333,12388
"""C:\Program Files\Google\Chrome\Application\chrome.exe"" http://viabcp-ganadiario.online/
PID:2456",C:\Users\jpdz\AppData\Local\Google\Chrome\User Data\Default\blob_storage\e2d218cb-e870-449a-9367-24384cf9c19a,FileEvent,Delete,2021-10-08 17:15:45.835,0
C:\Users\jpdz\AppData\Local\Google\Chrome\User Data\Default\Network Action Predictor,"""C:\Program Files\Google\Chrome\Application\chrome.exe"" http://viabcp-ganadiario.online/
PID:2456",FileEvent,Read,2021-10-08 17:15:45.888,2101348
"""C:\Program Files\Google\Chrome\Application\chrome.exe"" http://viabcp-ganadiario.online/
PID:2456","""C:\Program Files\Google\Chrome\Application\chrome.exe"" --type=renderer --disable-client-side-phishing-detection --cross-origin-webassembly-module-sharing-allowed --display-capture-permissions-policy-allowed --field-trial-handle=1044,14759710738849117976,364501080543261579,131072 --disable-gpu-compositing --lang=zh-CN --device-scale-factor=1 --num-raster-threads=1 --renderer-client-id=11 --no-v8-untrusted-code-mitigations --mojo-platform-channel-handle=3264 /prefetch:1
PID:3160",ProcessEvent,Create,2021-10-08 17:15:52.681,
C:\Users\jpdz\AppData\Local\Google\Chrome\User Data\CertificateRevocation\6921\manifest.fingerprint,"""C:\Program Files\Google\Chrome\Application\chrome.exe"" http://viabcp-ganadiario.online/
PID:2456",FileEvent,Read,2021-10-08 17:15:43.352,8192
C:\Users\jpdz\AppData\Local\Google\Chrome\User Data\Default\shared_proto_db\CURRENT,"""C:\Program Files\Google\Chrome\Application\chrome.exe"" http://viabcp-ganadiario.online/
PID:2456",FileEvent,Read,2021-10-08 17:15:46.786,16384
C:\Users\jpdz\AppData\Local\Google\Chrome\User Data\AutofillRegex\2021.8.17.1300\manifest.json,"""C:\Program Files\Google\Chrome\Application\chrome.exe"" http://viabcp-ganadiario.online/
PID:2456",FileEvent,Read,2021-10-08 17:15:43.360,8192
"""C:\Program Files\Google\Chrome\Application\chrome.exe"" http://viabcp-ganadiario.online/
PID:2456",C:\Users\jpdz\AppData\Local\Google\Chrome\User Data\Default\GCM Store\Encryption\LOG.old~RF317fe0.TMP,FileEvent,Delete,2021-10-08 17:15:46.601,0
"""C:\Program Files\Google\Chrome\Application\chrome.exe"" http://viabcp-ganadiario.online/
PID:2456",C:\Users\jpdz\AppData\Local\Google\Chrome\User Data\Default\Sessions\Session_13279323959128526,FileEvent,Write,2021-10-08 17:15:45.818,6157
C:\Users\jpdz\AppData\Local\Google\Chrome\User Data\Crowd Deny\2021.10.11.1142\Preload Data,"""C:\Program Files\Google\Chrome\Application\chrome.exe"" http://viabcp-ganadiario.online/
PID:2456",FileEvent,Read,2021-10-08 17:15:43.430,20480
C:\Windows\system32\spool\drivers\color\sRGB Color Space Profile.icm,"""C:\Program Files\Google\Chrome\Application\chrome.exe"" http://viabcp-ganadiario.online/
PID:2456",FileEvent,Read,2021-10-08 17:15:43.424,8192
C:\Users\jpdz\AppData\Local\Google\Chrome\User Data\OriginTrials\1.0.0.9\manifest.fingerprint,"""C:\Program Files\Google\Chrome\Application\chrome.exe"" http://viabcp-ganadiario.online/
PID:2456",FileEvent,Read,2021-10-08 17:15:43.352,8192
C:\Users\jpdz\AppData\LocalLow\Microsoft\CryptnetUrlCache\MetaData\CAF4703619713E3F18D8A9D5D88D6288_A7725538C46DE2D0088EE44974E2CEBA,"""C:\Program Files\Google\Chrome\Application\chrome.exe"" http://viabcp-ganadiario.online/
PID:2456",FileEvent,Read,2021-10-08 17:15:43.661,392
C:\Users\jpdz\AppData\Local\Google\Chrome\User Data\Default\GCM Store\Encryption\000003.log,"""C:\Program Files\Google\Chrome\Application\chrome.exe"" http://viabcp-ganadiario.online/
PID:2456",FileEvent,Read,2021-10-08 17:15:46.707,32768
C:\Program Files\Google\Chrome\Application\94.0.4606.81\chrome.dll,"""C:\Program Files\Google\Chrome\Application\chrome.exe"" http://viabcp-ganadiario.online/
PID:2456",FileEvent,Read,2021-10-08 17:15:43.207,150994944
C:\Users\jpdz\AppData\Local\Google\Chrome\User Data\TrustTokenKeyCommitments\2021.10.17.2\manifest.fingerprint,"""C:\Program Files\Google\Chrome\Application\chrome.exe"" http://viabcp-ganadiario.online/
PID:2456",FileEvent,Read,2021-10-08 17:15:43.354,8192
"""C:\Program Files\Google\Chrome\Application\chrome.exe"" http://viabcp-ganadiario.online/
PID:2456",C:\Users\jpdz\AppData\Local\Google\Chrome\User Data\Last Browser,FileEvent,Write,2021-10-08 17:15:45.889,106
C:\Windows\system32\EhStorShell.dll,"""C:\Program Files\Google\Chrome\Application\chrome.exe"" http://viabcp-ganadiario.online/
PID:2456",FileEvent,Read,2021-10-08 17:15:46.775,4096
"""C:\Program Files\Google\Chrome\Application\chrome.exe"" http://viabcp-ganadiario.online/
PID:2456",C:\Users\jpdz\AppData\Local\Google\Chrome\User Data\BrowserMetrics\BrowserMetrics-616D3BAE-F30.pma,FileEvent,Delete,2021-10-08 17:15:45.835,0
C:\Users\jpdz\AppData\Local\Google\Chrome\User Data\Floc\1.0.6\manifest.json,"""C:\Program Files\Google\Chrome\Application\chrome.exe"" http://viabcp-ganadiario.online/
PID:2456",FileEvent,Read,2021-10-08 17:15:43.350,8192
C:\Users\jpdz\AppData\Local\Google\Chrome\User Data\Default\Extension State\MANIFEST-000001,"""C:\Program Files\Google\Chrome\Application\chrome.exe"" http://viabcp-ganadiario.online/
PID:2456",FileEvent,Read,2021-10-08 17:15:43.678,32768
C:\Windows\system32\colorui.dll,"""C:\Program Files\Google\Chrome\Application\chrome.exe"" http://viabcp-ganadiario.online/
PID:2456",FileEvent,Read,2021-10-08 17:15:46.776,4096
"""C:\Program Files\Google\Chrome\Application\chrome.exe"" http://viabcp-ganadiario.online/
PID:2456",C:\Users\jpdz\AppData\Local\Google\Chrome\User Data\BrowserMetrics\BrowserMetrics-6171D634-998.pma,FileEvent,Delete,2021-10-08 17:15:45.835,0
C:\Users\jpdz\AppData\Local\Google\Chrome\User Data\BrowserMetrics\BrowserMetrics-6171D634-998.pma,"""C:\Program Files\Google\Chrome\Application\chrome.exe"" http://viabcp-ganadiario.online/
PID:2456",FileEvent,Read,2021-10-08 17:15:43.267,163840
"""C:\Program Files\Google\Chrome\Application\chrome.exe"" http://viabcp-ganadiario.online/
PID:2456",C:\Users\jpdz\AppData\Local\Google\Chrome\User Data\Default\shared_proto_db\metadata\LOG,FileEvent,Write,2021-10-08 17:15:46.784,520
C:\Users\jpdz\AppData\Local\Google\Chrome\User Data\OriginTrials\1.0.0.9\manifest.json,"""C:\Program Files\Google\Chrome\Application\chrome.exe"" http://viabcp-ganadiario.online/
PID:2456",FileEvent,Read,2021-10-08 17:15:43.352,8192
C:\Windows\system32\cryptext.dll,"""C:\Program Files\Google\Chrome\Application\chrome.exe"" http://viabcp-ganadiario.online/
PID:2456",FileEvent,Read,2021-10-08 17:15:46.775,4096
"""C:\Program Files\Google\Chrome\Application\chrome.exe"" http://viabcp-ganadiario.online/
PID:2456",C:\Users\jpdz\AppData\Local\Google\Chrome\User Data\7e8a8d60-6b48-4c01-a37f-78868770c2dc.tmp,FileEvent,Write,2021-10-08 17:16:08.474,89933
C:\Users\jpdz\AppData\Local\Google\Chrome\User Data\Default\Preferences,"""C:\Program Files\Google\Chrome\Application\chrome.exe"" http://viabcp-ganadiario.online/
PID:2456",FileEvent,Read,2021-10-08 17:15:43.291,12288
"""C:\Program Files\Google\Chrome\Application\chrome.exe"" http://viabcp-ganadiario.online/
PID:2456",C:\Users\jpdz\AppData\Local\Google\Chrome\User Data\9ad84764-94f2-4f06-8c30-51a15aa82b4a.tmp,FileEvent,Write,2021-10-08 17:15:43.372,48969
C:\Users\jpdz\AppData\Local\Google\Chrome\User Data\Default\GPUCache\data_0,"""C:\Program Files\Google\Chrome\Application\chrome.exe"" http://viabcp-ganadiario.online/
PID:2456",FileEvent,Read,2021-10-08 17:15:43.433,16384
C:\Users\jpdz\AppData\Local\Google\Chrome\User Data\AutofillStates\2020.11.2.164946\manifest.json,"""C:\Program Files\Google\Chrome\Application\chrome.exe"" http://viabcp-ganadiario.online/
PID:2456",FileEvent,Read,2021-10-08 17:15:43.355,8192
"""C:\Program Files\Google\Chrome\Application\chrome.exe"" http://viabcp-ganadiario.online/
PID:2456","""C:\Program Files\Google\Chrome\Application\chrome.exe"" --type=utility --utility-sub-type=data_decoder.mojom.DataDecoderService --field-trial-handle=1044,14759710738849117976,364501080543261579,131072 --lang=zh-CN --service-sandbox-type=service --mojo-platform-channel-handle=3104 /prefetch:8
PID:3640",ProcessEvent,Create,2021-10-08 17:15:46.584,
C:\Users\jpdz\AppData\Local\Google\Chrome\User Data\Default\Sessions\Tabs_13279022482387234,"""C:\Program Files\Google\Chrome\Application\chrome.exe"" http://viabcp-ganadiario.online/
PID:2456",FileEvent,Read,2021-10-08 17:15:43.380,5708
"""C:\Program Files\Google\Chrome\Application\chrome.exe"" http://viabcp-ganadiario.online/
PID:2456","""C:\Program Files\Google\Chrome\Application\chrome.exe"" --type=renderer --disable-client-side-phishing-detection --cross-origin-webassembly-module-sharing-allowed --display-capture-permissions-policy-allowed --field-trial-handle=1044,14759710738849117976,364501080543261579,131072 --disable-gpu-compositing --lang=zh-CN --device-scale-factor=1 --num-raster-threads=1 --renderer-client-id=8 --no-v8-untrusted-code-mitigations --mojo-platform-channel-handle=3044 /prefetch:1
PID:3920",ProcessEvent,Stop,2021-10-08 17:15:45.890,
"""C:\Program Files\Google\Chrome\Application\chrome.exe"" http://viabcp-ganadiario.online/
PID:2456",C:\Users\jpdz\AppData\Local\Google\Chrome\User Data\Default\Sync Data\LevelDB\LOG,FileEvent,Write,2021-10-08 17:15:43.672,499
C:\Users\jpdz\AppData\Local\Google\Chrome\User Data\hyphen-data\97.0.4673.0\manifest.fingerprint,"""C:\Program Files\Google\Chrome\Application\chrome.exe"" http://viabcp-ganadiario.online/
PID:2456",FileEvent,Read,2021-10-08 17:15:43.372,8192
C:\Users\jpdz\AppData\Local\Google\Chrome\User Data\Subresource Filter\Unindexed Rules\9.30.0\manifest.json,"""C:\Program Files\Google\Chrome\Application\chrome.exe"" http://viabcp-ganadiario.online/
PID:2456",FileEvent,Read,2021-10-08 17:15:43.350,8192
C:\Users\jpdz\AppData\Local\Google\Chrome\User Data\OptimizationHints\302\manifest.fingerprint,"""C:\Program Files\Google\Chrome\Application\chrome.exe"" http://viabcp-ganadiario.online/
PID:2456",FileEvent,Read,2021-10-08 17:15:43.351,8192
C:\Users\jpdz\AppData\Local\Google\Chrome\User Data\FontLookupTableCache\font_unique_name_table.pb,"""C:\Program Files\Google\Chrome\Application\chrome.exe"" http://viabcp-ganadiario.online/
PID:2456",FileEvent,Read,2021-10-08 17:15:46.536,24
"""C:\Program Files\Google\Chrome\Application\chrome.exe"" http://viabcp-ganadiario.online/
PID:2456",C:\Users\jpdz\AppData\Local\Google\Chrome\User Data\Default\shared_proto_db\metadata\000003.log,FileEvent,Write,2021-10-08 17:15:46.787,61
C:\Users\jpdz\AppData\Local\Google\Chrome\User Data\Default\shared_proto_db\metadata\000003.log,"""C:\Program Files\Google\Chrome\Application\chrome.exe"" http://viabcp-ganadiario.online/
PID:2456",FileEvent,Read,2021-10-08 17:15:46.784,32768
C:\Users\jpdz\AppData\Local\Google\Chrome\User Data\ShaderCache\GPUCache\data_2,"""C:\Program Files\Google\Chrome\Application\chrome.exe"" http://viabcp-ganadiario.online/
PID:2456",FileEvent,Read,2021-10-08 17:15:44.537,8192
C:\Users\jpdz\AppData\Local\Google\Chrome\User Data\TrustTokenKeyCommitments\2021.10.17.2\manifest.json,"""C:\Program Files\Google\Chrome\Application\chrome.exe"" http://viabcp-ganadiario.online/
PID:2456",FileEvent,Read,2021-10-08 17:15:43.351,8192
C:\Users\jpdz\AppData\Local\Google\Chrome\User Data\SafetyTips\2716\manifest.fingerprint,"""C:\Program Files\Google\Chrome\Application\chrome.exe"" http://viabcp-ganadiario.online/
PID:2456",FileEvent,Read,2021-10-08 17:15:43.354,8192
C:\Users\jpdz\AppData\Local\Google\Chrome\User Data\Local State,"""C:\Program Files\Google\Chrome\Application\chrome.exe"" http://viabcp-ganadiario.online/
PID:2456",FileEvent,Read,2021-10-08 17:15:43.260,53248
"""C:\Program Files\Google\Chrome\Application\chrome.exe"" http://viabcp-ganadiario.online/
PID:2456",C:\Users\jpdz\AppData\Local\Google\Chrome\User Data\Default\data_reduction_proxy_leveldb\CURRENT~RF3182ae.TMP,FileEvent,Delete,2021-10-08 17:15:47.315,0
C:\Users\jpdz\AppData\Local\Google\Chrome\User Data\Default\Sync Data\LevelDB\000003.log,"""C:\Program Files\Google\Chrome\Application\chrome.exe"" http://viabcp-ganadiario.online/
PID:2456",FileEvent,Read,2021-10-08 17:15:43.673,32768
C:\Users\jpdz\AppData\Local\Google\Chrome\User Data\ZxcvbnData\1\english_wikipedia.txt,"""C:\Program Files\Google\Chrome\Application\chrome.exe"" http://viabcp-ganadiario.online/
PID:2456",FileEvent,Read,2021-10-08 17:15:46.544,282624
"""C:\Program Files\Google\Chrome\Application\chrome.exe"" http://viabcp-ganadiario.online/
PID:2456",C:\Users\jpdz\AppData\Local\Google\Chrome\User Data\Default\Download Service\EntryDB\LOG.old~RF318147.TMP,FileEvent,Delete,2021-10-08 17:15:46.948,0
C:\Users\jpdz\AppData\Local\Google\Chrome\User Data\SafetyTips\2716\manifest.json,"""C:\Program Files\Google\Chrome\Application\chrome.exe"" http://viabcp-ganadiario.online/
PID:2456",FileEvent,Read,2021-10-08 17:15:43.354,8192
"""C:\Program Files\Google\Chrome\Application\chrome.exe"" http://viabcp-ganadiario.online/
PID:2456","""C:\Program Files\Google\Chrome\Application\chrome.exe"" --type=gpu-process --field-trial-handle=1044,14759710738849117976,364501080543261579,131072 --gpu-preferences=UAAAAAAAAADgAAAIAAAAAAAAAAAAAAAAAABgAIAAAAAwAAAAAAAAAAAAAAAAAAAAAAAAAAAAAAAAAAAAAAAAAHgAAAAAAAAAeAAAAAAAAAAoAAAABAAAACAAAAAAAAAAKAAAAAAAAAAwAAAAAAAAADgAAAAAAAAAEAAAAAAAAAAAAAAADQAAABAAAAAAAAAAAQAAAA0AAAAQAAAAAAAAAAQAAAANAAAAEAAAAAAAAAAHAAAADQAAAAgAAAAAAAAACAAAAAAAAAA= --use-gl=angle --use-angle=swiftshader-webgl --mojo-platform-channel-handle=1
PID:1104",ProcessEvent,Create,2021-10-08 17:15:44.535,
C:\Users\jpdz\AppData\Local\Google\Chrome\User Data\FileTypePolicies\45\manifest.json,"""C:\Program Files\Google\Chrome\Application\chrome.exe"" http://viabcp-ganadiario.online/
PID:2456",FileEvent,Read,2021-10-08 17:15:43.351,8192
C:\Users\jpdz\AppData\Local\Google\Chrome\User Data\ZxcvbnData\1\passwords.txt,"""C:\Program Files\Google\Chrome\Application\chrome.exe"" http://viabcp-ganadiario.online/
PID:2456",FileEvent,Read,2021-10-08 17:15:46.544,249856
C:\Program Files\Google\Chrome\Application\94.0.4606.81\MEIPreload\manifest.json,"""C:\Program Files\Google\Chrome\Application\chrome.exe"" http://viabcp-ganadiario.online/
PID:2456",FileEvent,Read,2021-10-08 17:15:43.352,8192
C:\Users\jpdz\AppData\Local\Google\Chrome\User Data\Default\shared_proto_db\000003.log,"""C:\Program Files\Google\Chrome\Application\chrome.exe"" http://viabcp-ganadiario.online/
PID:2456",FileEvent,Read,2021-10-08 17:15:46.786,32768
"""C:\Program Files\Google\Chrome\Application\chrome.exe"" http://viabcp-ganadiario.online/
PID:2456",C:\Users\jpdz\AppData\Local\Google\Chrome\User Data\Default\shared_proto_db\000003.log,FileEvent,Write,2021-10-08 17:15:46.943,19
C:\Users\jpdz\AppData\Local\Google\Chrome\User Data\TrustTokenKeyCommitments\2021.10.17.2\keys.json,"""C:\Program Files\Google\Chrome\Application\chrome.exe"" http://viabcp-ganadiario.online/
PID:2456",FileEvent,Read,2021-10-08 17:15:46.542,20480
C:\Users\jpdz\AppData\Local\Google\Chrome\User Data\Default\Code Cache\js\index-dir\the-real-index,"""C:\Program Files\Google\Chrome\Application\chrome.exe"" http://viabcp-ganadiario.online/
PID:2456",FileEvent,Read,2021-10-08 17:15:43.424,48
C:\Users\jpdz\AppData\Local\Google\Chrome\User Data\GrShaderCache\GPUCache\data_1,"""C:\Program Files\Google\Chrome\Application\chrome.exe"" http://viabcp-ganadiario.online/
PID:2456",FileEvent,Read,2021-10-08 17:15:44.694,8704
C:\Windows\Fonts\staticcache.dat,"""C:\Program Files\Google\Chrome\Application\chrome.exe"" http://viabcp-ganadiario.online/
PID:2456",FileEvent,Read,2021-10-08 17:15:43.421,60
C:\Users\jpdz\AppData\Local\Google\Chrome\User Data\pnacl\0.57.44.2492\manifest.fingerprint,"""C:\Program Files\Google\Chrome\Application\chrome.exe"" http://viabcp-ganadiario.online/
PID:2456",FileEvent,Read,2021-10-08 17:15:43.350,8192
"""C:\Program Files\Google\Chrome\Application\chrome.exe"" http://viabcp-ganadiario.online/
PID:2456",C:\Users\jpdz\AppData\Local\Google\Chrome\User Data\Default\Sync Data\LevelDB\LOG.old~RF3172df.TMP,FileEvent,Delete,2021-10-08 17:15:43.671,0
C:\Users\jpdz\AppData\Local\Google\Chrome\User Data\GrShaderCache\GPUCache\data_3,"""C:\Program Files\Google\Chrome\Application\chrome.exe"" http://viabcp-ganadiario.online/
PID:2456",FileEvent,Read,2021-10-08 17:15:44.694,8192
C:\Users\jpdz\AppData\Local\Google\Chrome\User Data\Default\Top Sites,"""C:\Program Files\Google\Chrome\Application\chrome.exe"" http://viabcp-ganadiario.online/
PID:2456",FileEvent,Read,2021-10-08 17:15:43.410,12388
C:\Users\jpdz\AppData\Local\Google\Chrome\User Data\Default\Site Characteristics Database\MANIFEST-000001,"""C:\Program Files\Google\Chrome\Application\chrome.exe"" http://viabcp-ganadiario.online/
PID:2456",FileEvent,Read,2021-10-08 17:15:43.677,32768
C:\Users\jpdz\AppData\Local\Google\Chrome\User Data\Default\heavy_ad_intervention_opt_out.db,"""C:\Program Files\Google\Chrome\Application\chrome.exe"" http://viabcp-ganadiario.online/
PID:2456",FileEvent,Read,2021-10-08 17:15:45.840,12388
C:\Users\jpdz\AppData\Local\Google\Chrome\User Data\ClientSidePhishing\25.3\manifest.json,"""C:\Program Files\Google\Chrome\Application\chrome.exe"" http://viabcp-ganadiario.online/
PID:2456",FileEvent,Read,2021-10-08 17:15:43.360,8192
C:\Users\jpdz\AppData\Local\Google\Chrome\User Data\Default\Site Characteristics Database\CURRENT,"""C:\Program Files\Google\Chrome\Application\chrome.exe"" http://viabcp-ganadiario.online/
PID:2456",FileEvent,Read,2021-10-08 17:15:43.677,16384
"""C:\Program Files\Google\Chrome\Application\chrome.exe"" http://viabcp-ganadiario.online/
PID:2456","""C:\Program Files\Google\Chrome\Application\chrome.exe"" --type=utility --utility-sub-type=data_decoder.mojom.DataDecoderService --field-trial-handle=1044,14759710738849117976,364501080543261579,131072 --lang=zh-CN --service-sandbox-type=service --mojo-platform-channel-handle=3104 /prefetch:8
PID:3640",ProcessEvent,Stop,2021-10-08 17:15:46.649,
C:\Users\jpdz\AppData\Local\Google\Chrome\User Data\Default\Code Cache\wasm\index-dir\the-real-index,"""C:\Program Files\Google\Chrome\Application\chrome.exe"" http://viabcp-ganadiario.online/
PID:2456",FileEvent,Read,2021-10-08 17:15:43.427,48
"""C:\Program Files\Google\Chrome\Application\chrome.exe"" http://viabcp-ganadiario.online/
PID:2456",C:\Users\jpdz\AppData\Local\Google\Chrome\User Data\Default\Sessions\Tabs_13279323959310857,FileEvent,Write,2021-10-08 17:15:46.1,8452
C:\Users\jpdz\AppData\Local\Google\Chrome\User Data\ZxcvbnData\1\female_names.txt,"""C:\Program Files\Google\Chrome\Application\chrome.exe"" http://viabcp-ganadiario.online/
PID:2456",FileEvent,Read,2021-10-08 17:15:46.544,32768
"""C:\Program Files\Google\Chrome\Application\chrome.exe"" http://viabcp-ganadiario.online/
PID:2456",C:\Users\jpdz\AppData\Local\Google\Chrome\User Data\Default\LOG.old~RF318147.TMP,FileEvent,Delete,2021-10-08 17:15:46.946,0
C:\Windows\System32\shdocvw.dll,"""C:\Program Files\Google\Chrome\Application\chrome.exe"" http://viabcp-ganadiario.online/
PID:2456",FileEvent,Read,2021-10-08 17:15:46.770,4096
"""C:\Program Files\Google\Chrome\Application\chrome.exe"" http://viabcp-ganadiario.online/
PID:2456",C:\Users\jpdz\AppData\Local\Google\Chrome\User Data\Default\Site Characteristics Database\LOG,FileEvent,Write,2021-10-08 17:15:43.677,535
"""C:\Program Files\Google\Chrome\Application\chrome.exe"" http://viabcp-ganadiario.online/
PID:2456",C:\Users\jpdz\AppData\Local\Google\Chrome\User Data\Default\shared_proto_db\LOG,FileEvent,Write,2021-10-08 17:15:46.786,493
C:\Users\jpdz\AppData\Local\Google\Chrome\User Data\AutofillRegex\2021.8.17.1300\data.json,"""C:\Program Files\Google\Chrome\Application\chrome.exe"" http://viabcp-ganadiario.online/
PID:2456",FileEvent,Read,2021-10-08 17:15:46.583,102400
C:\Users\jpdz\AppData\Local\Google\Chrome\User Data\Default\Visited Links,"""C:\Program Files\Google\Chrome\Application\chrome.exe"" http://viabcp-ganadiario.online/
PID:2456",FileEvent,Read,2021-10-08 17:15:43.298,135168
C:\Users\jpdz\AppData\LocalLow\Microsoft\CryptnetUrlCache\Content\24BD96D5497F70B3F510A6B53CD43F3E_3A89246FB90C5EE6620004F1AE0EB0EA,"""C:\Program Files\Google\Chrome\Application\chrome.exe"" http://viabcp-ganadiario.online/
PID:2456",FileEvent,Read,2021-10-08 17:15:43.658,2894
C:\Users\jpdz\AppData\Local\Google\Chrome\User Data\GrShaderCache\GPUCache\index,"""C:\Program Files\Google\Chrome\Application\chrome.exe"" http://viabcp-ganadiario.online/
PID:2456",FileEvent,Read,2021-10-08 17:15:44.694,266608
C:\Users\jpdz\AppData\Local\Google\Chrome\User Data\ClientSidePhishing\25.3\client_model.pb,"""C:\Program Files\Google\Chrome\Application\chrome.exe"" http://viabcp-ganadiario.online/
PID:2456",FileEvent,Read,2021-10-08 17:15:46.583,110592
C:\Users\jpdz\AppData\Local\Google\Chrome\User Data\ZxcvbnData\1\surnames.txt,"""C:\Program Files\Google\Chrome\Application\chrome.exe"" http://viabcp-ganadiario.online/
PID:2456",FileEvent,Read,2021-10-08 17:15:46.544,81920
C:\Program Files\Google\Chrome\Application\94.0.4606.81\WidevineCdm\manifest.json,"""C:\Program Files\Google\Chrome\Application\chrome.exe"" http://viabcp-ganadiario.online/
PID:2456",FileEvent,Read,2021-10-08 17:15:43.349,8192
C:\Users\jpdz\AppData\Local\Google\Chrome\User Data\Default\GCM Store\Encryption\CURRENT,"""C:\Program Files\Google\Chrome\Application\chrome.exe"" http://viabcp-ganadiario.online/
PID:2456",FileEvent,Read,2021-10-08 17:15:46.602,16384
"""C:\Program Files\Google\Chrome\Application\chrome.exe"" http://viabcp-ganadiario.online/
PID:2456",C:\Users\jpdz\AppData\Local\Google\Chrome\User Data\Default\optimization_guide_model_and_features_store\LOG.old~RF317fd0.TMP,FileEvent,Delete,2021-10-08 17:15:46.595,0
C:\Users\jpdz\AppData\Local\Google\Chrome\User Data\DesktopSharingHub\20210813.1\desktop_sharing_hub.pb,"""C:\Program Files\Google\Chrome\Application\chrome.exe"" http://viabcp-ganadiario.online/
PID:2456",FileEvent,Read,2021-10-08 17:15:46.542,270336
"""C:\Program Files\Google\Chrome\Application\chrome.exe"" http://viabcp-ganadiario.online/
PID:2456",C:\Users\jpdz\AppData\Local\Google\Chrome\User Data\Default\BudgetDatabase\LOG.old~RF31809b.TMP,FileEvent,Delete,2021-10-08 17:15:46.781,0
C:\Windows\system32\stobject.dll,"""C:\Program Files\Google\Chrome\Application\chrome.exe"" http://viabcp-ganadiario.online/
PID:2456",FileEvent,Read,2021-10-08 17:15:46.774,4096
"""C:\Program Files\Google\Chrome\Application\chrome.exe"" http://viabcp-ganadiario.online/
PID:2456","""C:\Program Files\Google\Chrome\Application\chrome.exe"" --type=crashpad-handler ""--user-data-dir=C:\Users\jpdz\AppData\Local\Google\Chrome\User Data"" /prefetch:7 --monitor-self-annotation=ptype=crashpad-handler ""--database=C:\Users\jpdz\AppData\Local\Google\Chrome\User Data\Crashpad"" --url=https://clients2.google.com/cr/report --annotation=channel= --annotation=plat=Win32 --annotation=prod=Chrome --annotation=ver=94.0.4606.81 --initial-client-data=0xa0,0xac,0xb0,0x74,0xb4,0x6eaa3708,0x6eaa3718,0x6eaa3724
PID:3048",ProcessEvent,Create,2021-10-08 17:15:43.195,
C:\Users\jpdz\AppData\Local\Google\Chrome\User Data\ZxcvbnData\1\male_names.txt,"""C:\Program Files\Google\Chrome\Application\chrome.exe"" http://viabcp-ganadiario.online/
PID:2456",FileEvent,Read,2021-10-08 17:15:46.544,12288
C:\Users\jpdz\AppData\Local\Google\Chrome\User Data\pnacl\0.57.44.2492\manifest.json,"""C:\Program Files\Google\Chrome\Application\chrome.exe"" http://viabcp-ganadiario.online/
PID:2456",FileEvent,Read,2021-10-08 17:15:43.349,8192
C:\Users\jpdz\AppData\Local\Google\Chrome\User Data\MEIPreload\1.0.6.0\manifest.fingerprint,"""C:\Program Files\Google\Chrome\Application\chrome.exe"" http://viabcp-ganadiario.online/
PID:2456",FileEvent,Read,2021-10-08 17:15:43.352,8192
"""C:\Program Files\Google\Chrome\Application\chrome.exe"" http://viabcp-ganadiario.online/
PID:2456",C:\Users\jpdz\AppData\Local\Google\Chrome\User Data\Default\GCM Store\Encryption\LOG,FileEvent,Write,2021-10-08 17:15:46.602,12796
"""C:\Program Files\Google\Chrome\Application\chrome.exe"" http://viabcp-ganadiario.online/
PID:2456",C:\Users\jpdz\AppData\Local\Google\Chrome\User Data\Default\data_reduction_proxy_leveldb\MANIFEST-000010,FileEvent,Write,2021-10-08 17:15:46.537,16477
C:\Users\jpdz\AppData\Local\Google\Chrome\User Data\Floc\1.0.6\manifest.fingerprint,"""C:\Program Files\Google\Chrome\Application\chrome.exe"" http://viabcp-ganadiario.online/
PID:2456",FileEvent,Read,2021-10-08 17:15:43.350,8192
"""C:\Program Files\Google\Chrome\Application\chrome.exe"" http://viabcp-ganadiario.online/
PID:2456","""C:\Program Files\Google\Chrome\Application\chrome.exe"" --type=gpu-process --field-trial-handle=1044,14759710738849117976,364501080543261579,131072 --gpu-preferences=UAAAAAAAAADgAAAIAAAAAAAAAAAAAAAAAABgAIAAAAAwAAAAAAAAAAAAAAAAAAAAAAAAAAAAAAAAAAAAAAAAAHgAAAAAAAAAeAAAAAAAAAAoAAAABAAAACAAAAAAAAAAKAAAAAAAAAAwAAAAAAAAADgAAAAAAAAAEAAAAAAAAAAAAAAADQAAABAAAAAAAAAAAQAAAA0AAAAQAAAAAAAAAAQAAAANAAAAEAAAAAAAAAAHAAAADQAAAAgAAAAAAAAACAAAAAAAAAA= --mojo-platform-channel-handle=1072 /prefetch:2
PID:2996",ProcessEvent,Stop,2021-10-08 17:15:44.533,
C:\Windows\system32\shell32.dll,"""C:\Program Files\Google\Chrome\Application\chrome.exe"" http://viabcp-ganadiario.online/
PID:2456",FileEvent,Read,2021-10-08 17:15:46.771,32768
C:\Users\jpdz\AppData\Local\Google\Chrome\User Data\Crowd Deny\2021.10.11.1142\manifest.json,"""C:\Program Files\Google\Chrome\Application\chrome.exe"" http://viabcp-ganadiario.online/
PID:2456",FileEvent,Read,2021-10-08 17:15:43.354,8192
"""C:\Program Files\Google\Chrome\Application\chrome.exe"" http://viabcp-ganadiario.online/
PID:2456",C:\Users\jpdz\AppData\Local\Google\Chrome\User Data\Default\AutofillStrikeDatabase\LOG.old~RF317fd0.TMP,FileEvent,Delete,2021-10-08 17:15:46.598,0
C:\Windows\Prefetch\CHROME.EXE-5A1054AF.pf,"""C:\Program Files\Google\Chrome\Application\chrome.exe"" --type=renderer --disable-client-side-phishing-detection --cross-origin-webassembly-module-sharing-allowed --display-capture-permissions-policy-allowed --field-trial-handle=1044,14759710738849117976,364501080543261579,131072 --disable-gpu-compositing --lang=zh-CN --device-scale-factor=1 --num-raster-threads=1 --renderer-client-id=8 --no-v8-untrusted-code-mitigations --mojo-platform-channel-handle=3044 /prefetch:1
PID:3920",FileEvent,Read,2021-10-08 17:15:44.783,19168
C:\Program Files\Google\Chrome\Application\94.0.4606.81\chrome.dll,"""C:\Program Files\Google\Chrome\Application\chrome.exe"" --type=renderer --disable-client-side-phishing-detection --cross-origin-webassembly-module-sharing-allowed --display-capture-permissions-policy-allowed --field-trial-handle=1044,14759710738849117976,364501080543261579,131072 --disable-gpu-compositing --lang=zh-CN --device-scale-factor=1 --num-raster-threads=1 --renderer-client-id=8 --no-v8-untrusted-code-mitigations --mojo-platform-channel-handle=3044 /prefetch:1
PID:3920",FileEvent,Read,2021-10-08 17:15:44.789,150994944
C:\Windows\Prefetch\CHROME.EXE-5A1054AF.pf,"""C:\Program Files\Google\Chrome\Application\chrome.exe"" --type=gpu-process --field-trial-handle=1044,14759710738849117976,364501080543261579,131072 --gpu-preferences=UAAAAAAAAADgAAAIAAAAAAAAAAAAAAAAAABgAIAAAAAwAAAAAAAAAAAAAAAAAAAAAAAAAAAAAAAAAAAAAAAAAHgAAAAAAAAAeAAAAAAAAAAoAAAABAAAACAAAAAAAAAAKAAAAAAAAAAwAAAAAAAAADgAAAAAAAAAEAAAAAAAAAAAAAAADQAAABAAAAAAAAAAAQAAAA0AAAAQAAAAAAAAAAQAAAANAAAAEAAAAAAAAAAHAAAADQAAAAgAAAAAAAAACAAAAAAAAAA= --mojo-platform-channel-handle=1072 /prefetch:2
PID:2996",FileEvent,Read,2021-10-08 17:15:43.294,19168
C:\Program Files\Google\Chrome\Application\94.0.4606.81\chrome.dll,"""C:\Program Files\Google\Chrome\Application\chrome.exe"" --type=gpu-process --field-trial-handle=1044,14759710738849117976,364501080543261579,131072 --gpu-preferences=UAAAAAAAAADgAAAIAAAAAAAAAAAAAAAAAABgAIAAAAAwAAAAAAAAAAAAAAAAAAAAAAAAAAAAAAAAAAAAAAAAAHgAAAAAAAAAeAAAAAAAAAAoAAAABAAAACAAAAAAAAAAKAAAAAAAAAAwAAAAAAAAADgAAAAAAAAAEAAAAAAAAAAAAAAADQAAABAAAAAAAAAAAQAAAA0AAAAQAAAAAAAAAAQAAAANAAAAEAAAAAAAAAAHAAAADQAAAAgAAAAAAAAACAAAAAAAAAA= --mojo-platform-channel-handle=1072 /prefetch:2
PID:2996",FileEvent,Read,2021-10-08 17:15:43.310,150994944
C:\Windows\Prefetch\CHROME.EXE-5A1054AF.pf,"""C:\Program Files\Google\Chrome\Application\chrome.exe"" --type=renderer --disable-client-side-phishing-detection --cross-origin-webassembly-module-sharing-allowed --display-capture-permissions-policy-allowed --field-trial-handle=1044,14759710738849117976,364501080543261579,131072 --lang=zh-CN --device-scale-factor=1 --num-raster-threads=1 --renderer-client-id=6 --no-v8-untrusted-code-mitigations --mojo-platform-channel-handle=1936 /prefetch:1
PID:1980",FileEvent,Read,2021-10-08 17:15:43.442,19168
C:\Program Files\Google\Chrome\Application\94.0.4606.81\chrome.dll,"""C:\Program Files\Google\Chrome\Application\chrome.exe"" --type=renderer --disable-client-side-phishing-detection --cross-origin-webassembly-module-sharing-allowed --display-capture-permissions-policy-allowed --field-trial-handle=1044,14759710738849117976,364501080543261579,131072 --lang=zh-CN --device-scale-factor=1 --num-raster-threads=1 --renderer-client-id=6 --no-v8-untrusted-code-mitigations --mojo-platform-channel-handle=1936 /prefetch:1
PID:1980",FileEvent,Read,2021-10-08 17:15:43.471,150994944
C:\Users\jpdz\AppData\Local\Google\Chrome\User Data\Default\Session Storage\CURRENT,"""C:\Program Files\Google\Chrome\Application\chrome.exe"" --type=utility --utility-sub-type=storage.mojom.StorageService --field-trial-handle=1044,14759710738849117976,364501080543261579,131072 --lang=zh-CN --service-sandbox-type=utility --mojo-platform-channel-handle=1484 /prefetch:8
PID:3668",FileEvent,Read,2021-10-08 17:15:43.682,16384
"""C:\Program Files\Google\Chrome\Application\chrome.exe"" --type=utility --utility-sub-type=storage.mojom.StorageService --field-trial-handle=1044,14759710738849117976,364501080543261579,131072 --lang=zh-CN --service-sandbox-type=utility --mojo-platform-channel-handle=1484 /prefetch:8
PID:3668",C:\Users\jpdz\AppData\Local\Google\Chrome\User Data\Default\Local Storage\leveldb\LOG,FileEvent,Write,2021-10-08 17:15:43.682,511
C:\Users\jpdz\AppData\Local\Google\Chrome\User Data\Default\Local Storage\leveldb\MANIFEST-000001,"""C:\Program Files\Google\Chrome\Application\chrome.exe"" --type=utility --utility-sub-type=storage.mojom.StorageService --field-trial-handle=1044,14759710738849117976,364501080543261579,131072 --lang=zh-CN --service-sandbox-type=utility --mojo-platform-channel-handle=1484 /prefetch:8
PID:3668",FileEvent,Read,2021-10-08 17:15:43.682,32768
C:\Windows\Prefetch\CHROME.EXE-5A1054AF.pf,"""C:\Program Files\Google\Chrome\Application\chrome.exe"" --type=utility --utility-sub-type=storage.mojom.StorageService --field-trial-handle=1044,14759710738849117976,364501080543261579,131072 --lang=zh-CN --service-sandbox-type=utility --mojo-platform-channel-handle=1484 /prefetch:8
PID:3668",FileEvent,Read,2021-10-08 17:15:43.373,19168
C:\Program Files\Google\Chrome\Application\94.0.4606.81\chrome.dll,"""C:\Program Files\Google\Chrome\Application\chrome.exe"" --type=utility --utility-sub-type=storage.mojom.StorageService --field-trial-handle=1044,14759710738849117976,364501080543261579,131072 --lang=zh-CN --service-sandbox-type=utility --mojo-platform-channel-handle=1484 /prefetch:8
PID:3668",FileEvent,Read,2021-10-08 17:15:43.376,150994944
C:\Users\jpdz\AppData\Local\Google\Chrome\User Data\Default\Session Storage\MANIFEST-000001,"""C:\Program Files\Google\Chrome\Application\chrome.exe"" --type=utility --utility-sub-type=storage.mojom.StorageService --field-trial-handle=1044,14759710738849117976,364501080543261579,131072 --lang=zh-CN --service-sandbox-type=utility --mojo-platform-channel-handle=1484 /prefetch:8
PID:3668",FileEvent,Read,2021-10-08 17:15:43.682,32768
"""C:\Program Files\Google\Chrome\Application\chrome.exe"" --type=utility --utility-sub-type=storage.mojom.StorageService --field-trial-handle=1044,14759710738849117976,364501080543261579,131072 --lang=zh-CN --service-sandbox-type=utility --mojo-platform-channel-handle=1484 /prefetch:8
PID:3668",C:\Users\jpdz\AppData\Local\Google\Chrome\User Data\Default\Session Storage\LOG,FileEvent,Write,2021-10-08 17:15:43.682,493
C:\Users\jpdz\AppData\Local\Google\Chrome\User Data\Default\Local Storage\leveldb\CURRENT,"""C:\Program Files\Google\Chrome\Application\chrome.exe"" --type=utility --utility-sub-type=storage.mojom.StorageService --field-trial-handle=1044,14759710738849117976,364501080543261579,131072 --lang=zh-CN --service-sandbox-type=utility --mojo-platform-channel-handle=1484 /prefetch:8
PID:3668",FileEvent,Read,2021-10-08 17:15:43.681,16384
"""C:\Program Files\Google\Chrome\Application\chrome.exe"" --type=utility --utility-sub-type=storage.mojom.StorageService --field-trial-handle=1044,14759710738849117976,364501080543261579,131072 --lang=zh-CN --service-sandbox-type=utility --mojo-platform-channel-handle=1484 /prefetch:8
PID:3668",C:\Users\jpdz\AppData\Local\Google\Chrome\User Data\Default\Session Storage\000003.log,FileEvent,Write,2021-10-08 17:15:43.684,19
C:\Users\jpdz\AppData\Local\Google\Chrome\User Data\Default\Session Storage\000003.log,"""C:\Program Files\Google\Chrome\Application\chrome.exe"" --type=utility --utility-sub-type=storage.mojom.StorageService --field-trial-handle=1044,14759710738849117976,364501080543261579,131072 --lang=zh-CN --service-sandbox-type=utility --mojo-platform-channel-handle=1484 /prefetch:8
PID:3668",FileEvent,Read,2021-10-08 17:15:43.683,32768
C:\Users\jpdz\AppData\Local\Google\Chrome\User Data\Default\Local Storage\leveldb\000003.log,"""C:\Program Files\Google\Chrome\Application\chrome.exe"" --type=utility --utility-sub-type=storage.mojom.StorageService --field-trial-handle=1044,14759710738849117976,364501080543261579,131072 --lang=zh-CN --service-sandbox-type=utility --mojo-platform-channel-handle=1484 /prefetch:8
PID:3668",FileEvent,Read,2021-10-08 17:15:43.683,32768
"""C:\Program Files\Google\Chrome\Application\chrome.exe"" --type=utility --utility-sub-type=network.mojom.NetworkService --field-trial-handle=1044,14759710738849117976,364501080543261579,131072 --lang=zh-CN --service-sandbox-type=none --mojo-platform-channel-handle=1284 /prefetch:8
PID:568",99.83.154.118,IpChannelEvent,TcpIpConnect,2021-10-08 17:15:52.689,0
"""C:\Program Files\Google\Chrome\Application\chrome.exe"" --type=utility --utility-sub-type=network.mojom.NetworkService --field-trial-handle=1044,14759710738849117976,364501080543261579,131072 --lang=zh-CN --service-sandbox-type=none --mojo-platform-channel-handle=1284 /prefetch:8
PID:568",99.83.154.118,IpChannelEvent,TcpIpDisconnect,2021-10-08 17:15:52.692,0
"""C:\Program Files\Google\Chrome\Application\chrome.exe"" --type=utility --utility-sub-type=network.mojom.NetworkService --field-trial-handle=1044,14759710738849117976,364501080543261579,131072 --lang=zh-CN --service-sandbox-type=none --mojo-platform-channel-handle=1284 /prefetch:8
PID:568",99.83.154.118,IpChannelEvent,TcpIpSend,2021-10-08 17:15:52.690,455
"""C:\Program Files\Google\Chrome\Application\chrome.exe"" --type=utility --utility-sub-type=network.mojom.NetworkService --field-trial-handle=1044,14759710738849117976,364501080543261579,131072 --lang=zh-CN --service-sandbox-type=none --mojo-platform-channel-handle=1284 /prefetch:8
PID:568",C:\Users\jpdz\AppData\Local\Google\Chrome\User Data\Default\Cache\data_1,FileEvent,Write,2021-10-08 17:15:43.673,2560
C:\Users\jpdz\AppData\Local\Google\Chrome\User Data\Default\Cache\data_1,"""C:\Program Files\Google\Chrome\Application\chrome.exe"" --type=utility --utility-sub-type=network.mojom.NetworkService --field-trial-handle=1044,14759710738849117976,364501080543261579,131072 --lang=zh-CN --service-sandbox-type=none --mojo-platform-channel-handle=1284 /prefetch:8
PID:568",FileEvent,Read,2021-10-08 17:15:43.548,8704
C:\Users\jpdz\AppData\Local\Google\Chrome\User Data\Default\Network Persistent State,"""C:\Program Files\Google\Chrome\Application\chrome.exe"" --type=utility --utility-sub-type=network.mojom.NetworkService --field-trial-handle=1044,14759710738849117976,364501080543261579,131072 --lang=zh-CN --service-sandbox-type=none --mojo-platform-channel-handle=1284 /prefetch:8
PID:568",FileEvent,Read,2021-10-08 17:15:43.546,8192
"""C:\Program Files\Google\Chrome\Application\chrome.exe"" --type=utility --utility-sub-type=network.mojom.NetworkService --field-trial-handle=1044,14759710738849117976,364501080543261579,131072 --lang=zh-CN --service-sandbox-type=none --mojo-platform-channel-handle=1284 /prefetch:8
PID:568",99.83.154.118,IpChannelEvent,TcpIpConnect,2021-10-08 17:15:45.828,0
"""C:\Program Files\Google\Chrome\Application\chrome.exe"" --type=utility --utility-sub-type=network.mojom.NetworkService --field-trial-handle=1044,14759710738849117976,364501080543261579,131072 --lang=zh-CN --service-sandbox-type=none --mojo-platform-channel-handle=1284 /prefetch:8
PID:568",99.83.154.118,IpChannelEvent,TcpIpDisconnect,2021-10-08 17:15:45.831,0
"""C:\Program Files\Google\Chrome\Application\chrome.exe"" --type=utility --utility-sub-type=network.mojom.NetworkService --field-trial-handle=1044,14759710738849117976,364501080543261579,131072 --lang=zh-CN --service-sandbox-type=none --mojo-platform-channel-handle=1284 /prefetch:8
PID:568",99.83.154.118,IpChannelEvent,TcpIpSend,2021-10-08 17:15:45.829,455
C:\Windows\system32\drivers\etc\hosts,"""C:\Program Files\Google\Chrome\Application\chrome.exe"" --type=utility --utility-sub-type=network.mojom.NetworkService --field-trial-handle=1044,14759710738849117976,364501080543261579,131072 --lang=zh-CN --service-sandbox-type=none --mojo-platform-channel-handle=1284 /prefetch:8
PID:568",FileEvent,Read,2021-10-08 17:15:43.387,16384
"""C:\Program Files\Google\Chrome\Application\chrome.exe"" --type=utility --utility-sub-type=network.mojom.NetworkService --field-trial-handle=1044,14759710738849117976,364501080543261579,131072 --lang=zh-CN --service-sandbox-type=none --mojo-platform-channel-handle=1284 /prefetch:8
PID:568",99.83.154.118,IpChannelEvent,TcpIpConnect,2021-10-08 17:15:44.773,0
"""C:\Program Files\Google\Chrome\Application\chrome.exe"" --type=utility --utility-sub-type=network.mojom.NetworkService --field-trial-handle=1044,14759710738849117976,364501080543261579,131072 --lang=zh-CN --service-sandbox-type=none --mojo-platform-channel-handle=1284 /prefetch:8
PID:568",99.83.154.118,IpChannelEvent,TcpIpDisconnect,2021-10-08 17:15:44.777,0
"""C:\Program Files\Google\Chrome\Application\chrome.exe"" --type=utility --utility-sub-type=network.mojom.NetworkService --field-trial-handle=1044,14759710738849117976,364501080543261579,131072 --lang=zh-CN --service-sandbox-type=none --mojo-platform-channel-handle=1284 /prefetch:8
PID:568",99.83.154.118,IpChannelEvent,TcpIpSend,2021-10-08 17:15:44.774,429
C:\Windows\Prefetch\CHROME.EXE-5A1054AF.pf,"""C:\Program Files\Google\Chrome\Application\chrome.exe"" --type=utility --utility-sub-type=network.mojom.NetworkService --field-trial-handle=1044,14759710738849117976,364501080543261579,131072 --lang=zh-CN --service-sandbox-type=none --mojo-platform-channel-handle=1284 /prefetch:8
PID:568",FileEvent,Read,2021-10-08 17:15:43.290,19168
C:\Users\jpdz\AppData\Local\Google\Chrome\User Data\Default\Trust Tokens,"""C:\Program Files\Google\Chrome\Application\chrome.exe"" --type=utility --utility-sub-type=network.mojom.NetworkService --field-trial-handle=1044,14759710738849117976,364501080543261579,131072 --lang=zh-CN --service-sandbox-type=none --mojo-platform-channel-handle=1284 /prefetch:8
PID:568",FileEvent,Read,2021-10-08 17:15:43.548,2101348
C:\Users\jpdz\AppData\Local\Google\Chrome\User Data\Default\Cookies,"""C:\Program Files\Google\Chrome\Application\chrome.exe"" --type=utility --utility-sub-type=network.mojom.NetworkService --field-trial-handle=1044,14759710738849117976,364501080543261579,131072 --lang=zh-CN --service-sandbox-type=none --mojo-platform-channel-handle=1284 /prefetch:8
PID:568",FileEvent,Read,2021-10-08 17:15:43.548,2109604
C:\Users\jpdz\AppData\Local\Google\Chrome\User Data\Default\Cache\index,"""C:\Program Files\Google\Chrome\Application\chrome.exe"" --type=utility --utility-sub-type=network.mojom.NetworkService --field-trial-handle=1044,14759710738849117976,364501080543261579,131072 --lang=zh-CN --service-sandbox-type=none --mojo-platform-channel-handle=1284 /prefetch:8
PID:568",FileEvent,Read,2021-10-08 17:15:43.547,266608
C:\Program Files\Google\Chrome\Application\94.0.4606.81\chrome.dll,"""C:\Program Files\Google\Chrome\Application\chrome.exe"" --type=utility --utility-sub-type=network.mojom.NetworkService --field-trial-handle=1044,14759710738849117976,364501080543261579,131072 --lang=zh-CN --service-sandbox-type=none --mojo-platform-channel-handle=1284 /prefetch:8
PID:568",FileEvent,Read,2021-10-08 17:15:43.299,150994944
"""C:\Program Files\Google\Chrome\Application\chrome.exe"" --type=utility --utility-sub-type=network.mojom.NetworkService --field-trial-handle=1044,14759710738849117976,364501080543261579,131072 --lang=zh-CN --service-sandbox-type=none --mojo-platform-channel-handle=1284 /prefetch:8
PID:568",C:\Users\jpdz\AppData\Local\Google\Chrome\User Data\Default\Cache\data_0,FileEvent,Write,2021-10-08 17:15:43.674,1224
C:\Users\jpdz\AppData\Local\Google\Chrome\User Data\Default\Cache\data_0,"""C:\Program Files\Google\Chrome\Application\chrome.exe"" --type=utility --utility-sub-type=network.mojom.NetworkService --field-trial-handle=1044,14759710738849117976,364501080543261579,131072 --lang=zh-CN --service-sandbox-type=none --mojo-platform-channel-handle=1284 /prefetch:8
PID:568",FileEvent,Read,2021-10-08 17:15:43.548,53680
C:\Users\jpdz\AppData\Local\Google\Chrome\User Data\Default\Reporting and NEL,"""C:\Program Files\Google\Chrome\Application\chrome.exe"" --type=utility --utility-sub-type=network.mojom.NetworkService --field-trial-handle=1044,14759710738849117976,364501080543261579,131072 --lang=zh-CN --service-sandbox-type=none --mojo-platform-channel-handle=1284 /prefetch:8
PID:568",FileEvent,Read,2021-10-08 17:15:45.145,2109604
C:\Users\jpdz\AppData\Local\Google\Chrome\User Data\Default\Cache\data_3,"""C:\Program Files\Google\Chrome\Application\chrome.exe"" --type=utility --utility-sub-type=network.mojom.NetworkService --field-trial-handle=1044,14759710738849117976,364501080543261579,131072 --lang=zh-CN --service-sandbox-type=none --mojo-platform-channel-handle=1284 /prefetch:8
PID:568",FileEvent,Read,2021-10-08 17:15:43.548,8192
"""C:\Program Files\Google\Chrome\Application\chrome.exe"" --type=utility --utility-sub-type=network.mojom.NetworkService --field-trial-handle=1044,14759710738849117976,364501080543261579,131072 --lang=zh-CN --service-sandbox-type=none --mojo-platform-channel-handle=1284 /prefetch:8
PID:568",203.208.41.66,IpChannelEvent,TcpIpConnect,2021-10-08 17:15:43.568,0
"""C:\Program Files\Google\Chrome\Application\chrome.exe"" --type=utility --utility-sub-type=network.mojom.NetworkService --field-trial-handle=1044,14759710738849117976,364501080543261579,131072 --lang=zh-CN --service-sandbox-type=none --mojo-platform-channel-handle=1284 /prefetch:8
PID:568",203.208.41.66,IpChannelEvent,TcpIpDisconnect,2021-10-08 17:15:45.173,0
"""C:\Program Files\Google\Chrome\Application\chrome.exe"" --type=utility --utility-sub-type=network.mojom.NetworkService --field-trial-handle=1044,14759710738849117976,364501080543261579,131072 --lang=zh-CN --service-sandbox-type=none --mojo-platform-channel-handle=1284 /prefetch:8
PID:568",203.208.41.66,IpChannelEvent,TcpIpSend,2021-10-08 17:15:43.569,1040
203.208.41.66,"""C:\Program Files\Google\Chrome\Application\chrome.exe"" --type=utility --utility-sub-type=network.mojom.NetworkService --field-trial-handle=1044,14759710738849117976,364501080543261579,131072 --lang=zh-CN --service-sandbox-type=none --mojo-platform-channel-handle=1284 /prefetch:8
PID:568",IpChannelEvent,TcpIpRecv,2021-10-08 17:15:43.639,37467
"""C:\Program Files\Google\Chrome\Application\chrome.exe"" --type=utility --utility-sub-type=network.mojom.NetworkService --field-trial-handle=1044,14759710738849117976,364501080543261579,131072 --lang=zh-CN --service-sandbox-type=none --mojo-platform-channel-handle=1284 /prefetch:8
PID:568",C:\Users\jpdz\AppData\Local\Google\Chrome\User Data\Default\8a97d1c1-00a0-4878-8869-34d7446d3719.tmp,FileEvent,Write,2021-10-08 17:15:53.567,4207
"""C:\Program Files\Google\Chrome\Application\chrome.exe"" --type=utility --utility-sub-type=network.mojom.NetworkService --field-trial-handle=1044,14759710738849117976,364501080543261579,131072 --lang=zh-CN --service-sandbox-type=none --mojo-platform-channel-handle=1284 /prefetch:8
PID:568",99.83.154.118,IpChannelEvent,TcpIpConnect,2021-10-08 17:15:52.690,0
"""C:\Program Files\Google\Chrome\Application\chrome.exe"" --type=utility --utility-sub-type=network.mojom.NetworkService --field-trial-handle=1044,14759710738849117976,364501080543261579,131072 --lang=zh-CN --service-sandbox-type=none --mojo-platform-channel-handle=1284 /prefetch:8
PID:568",99.83.154.118,IpChannelEvent,TcpIpDisconnect,2021-10-08 17:16:07.176,0
"""C:\Program Files\Google\Chrome\Application\chrome.exe"" --type=utility --utility-sub-type=network.mojom.NetworkService --field-trial-handle=1044,14759710738849117976,364501080543261579,131072 --lang=zh-CN --service-sandbox-type=none --mojo-platform-channel-handle=1284 /prefetch:8
PID:568",C:\Users\jpdz\AppData\Local\Google\Chrome\User Data\Default\Network Persistent State~RF319caf.TMP,FileEvent,Delete,2021-10-08 17:15:53.889,0
C:\Users\jpdz\AppData\Local\Google\Chrome\User Data\Default\TransportSecurity,"""C:\Program Files\Google\Chrome\Application\chrome.exe"" --type=utility --utility-sub-type=network.mojom.NetworkService --field-trial-handle=1044,14759710738849117976,364501080543261579,131072 --lang=zh-CN --service-sandbox-type=none --mojo-platform-channel-handle=1284 /prefetch:8
PID:568",FileEvent,Read,2021-10-08 17:15:43.542,8192
C:\Users\jpdz\AppData\Local\Google\Chrome\User Data\Default\Cache\data_2,"""C:\Program Files\Google\Chrome\Application\chrome.exe"" --type=utility --utility-sub-type=network.mojom.NetworkService --field-trial-handle=1044,14759710738849117976,364501080543261579,131072 --lang=zh-CN --service-sandbox-type=none --mojo-platform-channel-handle=1284 /prefetch:8
PID:568",FileEvent,Read,2021-10-08 17:15:43.548,8192
"""C:\Program Files\Google\Chrome\Application\chrome.exe"" --type=utility --utility-sub-type=network.mojom.NetworkService --field-trial-handle=1044,14759710738849117976,364501080543261579,131072 --lang=zh-CN --service-sandbox-type=none --mojo-platform-channel-handle=1284 /prefetch:8
PID:568",99.83.154.118,IpChannelEvent,TcpIpConnect,2021-10-08 17:15:45.828,0
"""C:\Program Files\Google\Chrome\Application\chrome.exe"" --type=utility --utility-sub-type=network.mojom.NetworkService --field-trial-handle=1044,14759710738849117976,364501080543261579,131072 --lang=zh-CN --service-sandbox-type=none --mojo-platform-channel-handle=1284 /prefetch:8
PID:568",99.83.154.118,IpChannelEvent,TcpIpDisconnect,2021-10-08 17:15:52.687,0
C:\Windows\Prefetch\CHROME.EXE-5A1054AF.pf,"""C:\Program Files\Google\Chrome\Application\chrome.exe"" --type=renderer --disable-client-side-phishing-detection --cross-origin-webassembly-module-sharing-allowed --display-capture-permissions-policy-allowed --field-trial-handle=1044,14759710738849117976,364501080543261579,131072 --disable-gpu-compositing --lang=zh-CN --device-scale-factor=1 --num-raster-threads=1 --renderer-client-id=9 --no-v8-untrusted-code-mitigations --mojo-platform-channel-handle=2280 /prefetch:1
PID:3656",FileEvent,Read,2021-10-08 17:15:45.820,19168
C:\Program Files\Google\Chrome\Application\94.0.4606.81\chrome.dll,"""C:\Program Files\Google\Chrome\Application\chrome.exe"" --type=renderer --disable-client-side-phishing-detection --cross-origin-webassembly-module-sharing-allowed --display-capture-permissions-policy-allowed --field-trial-handle=1044,14759710738849117976,364501080543261579,131072 --disable-gpu-compositing --lang=zh-CN --device-scale-factor=1 --num-raster-threads=1 --renderer-client-id=9 --no-v8-untrusted-code-mitigations --mojo-platform-channel-handle=2280 /prefetch:1
PID:3656",FileEvent,Read,2021-10-08 17:15:45.830,150994944
C:\Windows\Prefetch\CHROME.EXE-5A1054AF.pf,"""C:\Program Files\Google\Chrome\Application\chrome.exe"" --type=renderer --disable-client-side-phishing-detection --cross-origin-webassembly-module-sharing-allowed --display-capture-permissions-policy-allowed --field-trial-handle=1044,14759710738849117976,364501080543261579,131072 --lang=zh-CN --device-scale-factor=1 --num-raster-threads=1 --renderer-client-id=5 --no-v8-untrusted-code-mitigations --mojo-platform-channel-handle=1952 /prefetch:1
PID:1096",FileEvent,Read,2021-10-08 17:15:43.464,19168
C:\Program Files\Google\Chrome\Application\94.0.4606.81\chrome.dll,"""C:\Program Files\Google\Chrome\Application\chrome.exe"" --type=renderer --disable-client-side-phishing-detection --cross-origin-webassembly-module-sharing-allowed --display-capture-permissions-policy-allowed --field-trial-handle=1044,14759710738849117976,364501080543261579,131072 --lang=zh-CN --device-scale-factor=1 --num-raster-threads=1 --renderer-client-id=5 --no-v8-untrusted-code-mitigations --mojo-platform-channel-handle=1952 /prefetch:1
PID:1096",FileEvent,Read,2021-10-08 17:15:43.482,150994944
C:\Windows\Prefetch\CHROME.EXE-5A1054AF.pf,"""C:\Program Files\Google\Chrome\Application\chrome.exe"" --type=renderer --disable-client-side-phishing-detection --cross-origin-webassembly-module-sharing-allowed --display-capture-permissions-policy-allowed --field-trial-handle=1044,14759710738849117976,364501080543261579,131072 --disable-gpu-compositing --lang=zh-CN --device-scale-factor=1 --num-raster-threads=1 --renderer-client-id=11 --no-v8-untrusted-code-mitigations --mojo-platform-channel-handle=3264 /prefetch:1
PID:3160",FileEvent,Read,2021-10-08 17:15:52.684,19168
C:\Program Files\Google\Chrome\Application\94.0.4606.81\chrome.dll,"""C:\Program Files\Google\Chrome\Application\chrome.exe"" --type=renderer --disable-client-side-phishing-detection --cross-origin-webassembly-module-sharing-allowed --display-capture-permissions-policy-allowed --field-trial-handle=1044,14759710738849117976,364501080543261579,131072 --disable-gpu-compositing --lang=zh-CN --device-scale-factor=1 --num-raster-threads=1 --renderer-client-id=11 --no-v8-untrusted-code-mitigations --mojo-platform-channel-handle=3264 /prefetch:1
PID:3160",FileEvent,Read,2021-10-08 17:15:52.693,150994944
C:\Windows\Prefetch\CHROME.EXE-5A1054AF.pf,"""C:\Program Files\Google\Chrome\Application\chrome.exe"" --type=utility --utility-sub-type=data_decoder.mojom.DataDecoderService --field-trial-handle=1044,14759710738849117976,364501080543261579,131072 --lang=zh-CN --service-sandbox-type=service --mojo-platform-channel-handle=3104 /prefetch:8
PID:3640",FileEvent,Read,2021-10-08 17:15:46.585,19168
C:\Program Files\Google\Chrome\Application\94.0.4606.81\chrome.dll,"""C:\Program Files\Google\Chrome\Application\chrome.exe"" --type=utility --utility-sub-type=data_decoder.mojom.DataDecoderService --field-trial-handle=1044,14759710738849117976,364501080543261579,131072 --lang=zh-CN --service-sandbox-type=service --mojo-platform-channel-handle=3104 /prefetch:8
PID:3640",FileEvent,Read,2021-10-08 17:15:46.595,150994944
C:\Windows\Prefetch\CHROME.EXE-5A1054AF.pf,"""C:\Program Files\Google\Chrome\Application\chrome.exe"" --type=gpu-process --field-trial-handle=1044,14759710738849117976,364501080543261579,131072 --gpu-preferences=UAAAAAAAAADgAAAIAAAAAAAAAAAAAAAAAABgAIAAAAAwAAAAAAAAAAAAAAAAAAAAAAAAAAAAAAAAAAAAAAAAAHgAAAAAAAAAeAAAAAAAAAAoAAAABAAAACAAAAAAAAAAKAAAAAAAAAAwAAAAAAAAADgAAAAAAAAAEAAAAAAAAAAAAAAADQAAABAAAAAAAAAAAQAAAA0AAAAQAAAAAAAAAAQAAAANAAAAEAAAAAAAAAAHAAAADQAAAAgAAAAAAAAACAAAAAAAAAA= --use-gl=angle --use-angle=swiftshader-webgl --mojo-platform-channel-handle=1
PID:1104",FileEvent,Read,2021-10-08 17:15:44.537,19168
C:\Program Files\Google\Chrome\Application\94.0.4606.81\chrome.dll,"""C:\Program Files\Google\Chrome\Application\chrome.exe"" --type=gpu-process --field-trial-handle=1044,14759710738849117976,364501080543261579,131072 --gpu-preferences=UAAAAAAAAADgAAAIAAAAAAAAAAAAAAAAAABgAIAAAAAwAAAAAAAAAAAAAAAAAAAAAAAAAAAAAAAAAAAAAAAAAHgAAAAAAAAAeAAAAAAAAAAoAAAABAAAACAAAAAAAAAAKAAAAAAAAAAwAAAAAAAAADgAAAAAAAAAEAAAAAAAAAAAAAAADQAAABAAAAAAAAAAAQAAAA0AAAAQAAAAAAAAAAQAAAANAAAAEAAAAAAAAAAHAAAADQAAAAgAAAAAAAAACAAAAAAAAAA= --use-gl=angle --use-angle=swiftshader-webgl --mojo-platform-channel-handle=1
PID:1104",FileEvent,Read,2021-10-08 17:15:44.542,150994944
C:\Program Files\Google\Chrome\Application\94.0.4606.81\vk_swiftshader_icd.json,"""C:\Program Files\Google\Chrome\Application\chrome.exe"" --type=gpu-process --field-trial-handle=1044,14759710738849117976,364501080543261579,131072 --gpu-preferences=UAAAAAAAAADgAAAIAAAAAAAAAAAAAAAAAABgAIAAAAAwAAAAAAAAAAAAAAAAAAAAAAAAAAAAAAAAAAAAAAAAAHgAAAAAAAAAeAAAAAAAAAAoAAAABAAAACAAAAAAAAAAKAAAAAAAAAAwAAAAAAAAADgAAAAAAAAAEAAAAAAAAAAAAAAADQAAABAAAAAAAAAAAQAAAA0AAAAQAAAAAAAAAAQAAAANAAAAEAAAAAAAAAAHAAAADQAAAAgAAAAAAAAACAAAAAAAAAA= --use-gl=angle --use-angle=swiftshader-webgl --mojo-platform-channel-handle=1
PID:1104",FileEvent,Read,2021-10-08 17:15:44.652,34816
C:\Users\jpdz\AppData\Local\Google\Chrome\User Data\Crashpad\settings.dat,"""C:\Program Files\Google\Chrome\Application\chrome.exe"" --type=crashpad-handler ""--user-data-dir=C:\Users\jpdz\AppData\Local\Google\Chrome\User Data"" /prefetch:7 --monitor-self-annotation=ptype=crashpad-handler ""--database=C:\Users\jpdz\AppData\Local\Google\Chrome\User Data\Crashpad"" --url=https://clients2.google.com/cr/report --annotation=channel= --annotation=plat=Win32 --annotation=prod=Chrome --annotation=ver=94.0.4606.81 --initial-client-data=0xa0,0xac,0xb0,0x74,0xb4,0x6eaa3708,0x6eaa3718,0x6eaa3724
PID:3048",FileEvent,Read,2021-10-08 17:15:46.145,40
C:\Users\jpdz\AppData\Local\Google\Chrome\User Data\Crashpad\settings.dat,"""C:\Program Files\Google\Chrome\Application\chrome.exe"" --type=crashpad-handler ""--user-data-dir=C:\Users\jpdz\AppData\Local\Google\Chrome\User Data"" /prefetch:7 --monitor-self-annotation=ptype=crashpad-handler ""--database=C:\Users\jpdz\AppData\Local\Google\Chrome\User Data\Crashpad"" --url=https://clients2.google.com/cr/report --annotation=channel= --annotation=plat=Win32 --annotation=prod=Chrome --annotation=ver=94.0.4606.81 --initial-client-data=0xa0,0xac,0xb0,0x74,0xb4,0x6eaa3708,0x6eaa3718,0x6eaa3724
PID:3048",FileEvent,Read,2021-10-08 17:15:44.583,40
C:\Users\jpdz\AppData\Local\Google\Chrome\User Data\Crashpad\settings.dat,"""C:\Program Files\Google\Chrome\Application\chrome.exe"" --type=crashpad-handler ""--user-data-dir=C:\Users\jpdz\AppData\Local\Google\Chrome\User Data"" /prefetch:7 --monitor-self-annotation=ptype=crashpad-handler ""--database=C:\Users\jpdz\AppData\Local\Google\Chrome\User Data\Crashpad"" --url=https://clients2.google.com/cr/report --annotation=channel= --annotation=plat=Win32 --annotation=prod=Chrome --annotation=ver=94.0.4606.81 --initial-client-data=0xa0,0xac,0xb0,0x74,0xb4,0x6eaa3708,0x6eaa3718,0x6eaa3724
PID:3048",FileEvent,Read,2021-10-08 17:15:44.637,40
C:\Users\jpdz\AppData\Local\Google\Chrome\User Data\Crashpad\settings.dat,"""C:\Program Files\Google\Chrome\Application\chrome.exe"" --type=crashpad-handler ""--user-data-dir=C:\Users\jpdz\AppData\Local\Google\Chrome\User Data"" /prefetch:7 --monitor-self-annotation=ptype=crashpad-handler ""--database=C:\Users\jpdz\AppData\Local\Google\Chrome\User Data\Crashpad"" --url=https://clients2.google.com/cr/report --annotation=channel= --annotation=plat=Win32 --annotation=prod=Chrome --annotation=ver=94.0.4606.81 --initial-client-data=0xa0,0xac,0xb0,0x74,0xb4,0x6eaa3708,0x6eaa3718,0x6eaa3724
PID:3048",FileEvent,Read,2021-10-08 17:15:43.974,40
C:\Users\jpdz\AppData\Local\Google\Chrome\User Data\Crashpad\settings.dat,"""C:\Program Files\Google\Chrome\Application\chrome.exe"" --type=crashpad-handler ""--user-data-dir=C:\Users\jpdz\AppData\Local\Google\Chrome\User Data"" /prefetch:7 --monitor-self-annotation=ptype=crashpad-handler ""--database=C:\Users\jpdz\AppData\Local\Google\Chrome\User Data\Crashpad"" --url=https://clients2.google.com/cr/report --annotation=channel= --annotation=plat=Win32 --annotation=prod=Chrome --annotation=ver=94.0.4606.81 --initial-client-data=0xa0,0xac,0xb0,0x74,0xb4,0x6eaa3708,0x6eaa3718,0x6eaa3724
PID:3048",FileEvent,Read,2021-10-08 17:15:44.682,40
C:\Users\jpdz\AppData\Local\Google\Chrome\User Data\Crashpad\settings.dat,"""C:\Program Files\Google\Chrome\Application\chrome.exe"" --type=crashpad-handler ""--user-data-dir=C:\Users\jpdz\AppData\Local\Google\Chrome\User Data"" /prefetch:7 --monitor-self-annotation=ptype=crashpad-handler ""--database=C:\Users\jpdz\AppData\Local\Google\Chrome\User Data\Crashpad"" --url=https://clients2.google.com/cr/report --annotation=channel= --annotation=plat=Win32 --annotation=prod=Chrome --annotation=ver=94.0.4606.81 --initial-client-data=0xa0,0xac,0xb0,0x74,0xb4,0x6eaa3708,0x6eaa3718,0x6eaa3724
PID:3048",FileEvent,Read,2021-10-08 17:15:44.355,40
C:\Users\jpdz\AppData\Local\Google\Chrome\User Data\Crashpad\settings.dat,"""C:\Program Files\Google\Chrome\Application\chrome.exe"" --type=crashpad-handler ""--user-data-dir=C:\Users\jpdz\AppData\Local\Google\Chrome\User Data"" /prefetch:7 --monitor-self-annotation=ptype=crashpad-handler ""--database=C:\Users\jpdz\AppData\Local\Google\Chrome\User Data\Crashpad"" --url=https://clients2.google.com/cr/report --annotation=channel= --annotation=plat=Win32 --annotation=prod=Chrome --annotation=ver=94.0.4606.81 --initial-client-data=0xa0,0xac,0xb0,0x74,0xb4,0x6eaa3708,0x6eaa3718,0x6eaa3724
PID:3048",FileEvent,Read,2021-10-08 17:15:44.903,40
C:\Users\jpdz\AppData\Local\Google\Chrome\User Data\Crashpad\settings.dat,"""C:\Program Files\Google\Chrome\Application\chrome.exe"" --type=crashpad-handler ""--user-data-dir=C:\Users\jpdz\AppData\Local\Google\Chrome\User Data"" /prefetch:7 --monitor-self-annotation=ptype=crashpad-handler ""--database=C:\Users\jpdz\AppData\Local\Google\Chrome\User Data\Crashpad"" --url=https://clients2.google.com/cr/report --annotation=channel= --annotation=plat=Win32 --annotation=prod=Chrome --annotation=ver=94.0.4606.81 --initial-client-data=0xa0,0xac,0xb0,0x74,0xb4,0x6eaa3708,0x6eaa3718,0x6eaa3724
PID:3048",FileEvent,Read,2021-10-08 17:15:43.975,40
C:\Users\jpdz\AppData\Local\Google\Chrome\User Data\Crashpad\settings.dat,"""C:\Program Files\Google\Chrome\Application\chrome.exe"" --type=crashpad-handler ""--user-data-dir=C:\Users\jpdz\AppData\Local\Google\Chrome\User Data"" /prefetch:7 --monitor-self-annotation=ptype=crashpad-handler ""--database=C:\Users\jpdz\AppData\Local\Google\Chrome\User Data\Crashpad"" --url=https://clients2.google.com/cr/report --annotation=channel= --annotation=plat=Win32 --annotation=prod=Chrome --annotation=ver=94.0.4606.81 --initial-client-data=0xa0,0xac,0xb0,0x74,0xb4,0x6eaa3708,0x6eaa3718,0x6eaa3724
PID:3048",FileEvent,Read,2021-10-08 17:15:43.204,40
C:\Windows\Prefetch\CHROME.EXE-5A1054AF.pf,"""C:\Program Files\Google\Chrome\Application\chrome.exe"" --type=crashpad-handler ""--user-data-dir=C:\Users\jpdz\AppData\Local\Google\Chrome\User Data"" /prefetch:7 --monitor-self-annotation=ptype=crashpad-handler ""--database=C:\Users\jpdz\AppData\Local\Google\Chrome\User Data\Crashpad"" --url=https://clients2.google.com/cr/report --annotation=channel= --annotation=plat=Win32 --annotation=prod=Chrome --annotation=ver=94.0.4606.81 --initial-client-data=0xa0,0xac,0xb0,0x74,0xb4,0x6eaa3708,0x6eaa3718,0x6eaa3724
PID:3048",FileEvent,Read,2021-10-08 17:15:46.135,18170
C:\Windows\Prefetch\CHROME.EXE-5A1054AF.pf,"""C:\Program Files\Google\Chrome\Application\chrome.exe"" --type=crashpad-handler ""--user-data-dir=C:\Users\jpdz\AppData\Local\Google\Chrome\User Data"" /prefetch:7 --monitor-self-annotation=ptype=crashpad-handler ""--database=C:\Users\jpdz\AppData\Local\Google\Chrome\User Data\Crashpad"" --url=https://clients2.google.com/cr/report --annotation=channel= --annotation=plat=Win32 --annotation=prod=Chrome --annotation=ver=94.0.4606.81 --initial-client-data=0xa0,0xac,0xb0,0x74,0xb4,0x6eaa3708,0x6eaa3718,0x6eaa3724
PID:3048",FileEvent,Read,2021-10-08 17:15:44.577,18170
C:\Windows\Prefetch\CHROME.EXE-5A1054AF.pf,"""C:\Program Files\Google\Chrome\Application\chrome.exe"" --type=crashpad-handler ""--user-data-dir=C:\Users\jpdz\AppData\Local\Google\Chrome\User Data"" /prefetch:7 --monitor-self-annotation=ptype=crashpad-handler ""--database=C:\Users\jpdz\AppData\Local\Google\Chrome\User Data\Crashpad"" --url=https://clients2.google.com/cr/report --annotation=channel= --annotation=plat=Win32 --annotation=prod=Chrome --annotation=ver=94.0.4606.81 --initial-client-data=0xa0,0xac,0xb0,0x74,0xb4,0x6eaa3708,0x6eaa3718,0x6eaa3724
PID:3048",FileEvent,Read,2021-10-08 17:15:44.630,18170
C:\Windows\Prefetch\CHROME.EXE-5A1054AF.pf,"""C:\Program Files\Google\Chrome\Application\chrome.exe"" --type=crashpad-handler ""--user-data-dir=C:\Users\jpdz\AppData\Local\Google\Chrome\User Data"" /prefetch:7 --monitor-self-annotation=ptype=crashpad-handler ""--database=C:\Users\jpdz\AppData\Local\Google\Chrome\User Data\Crashpad"" --url=https://clients2.google.com/cr/report --annotation=channel= --annotation=plat=Win32 --annotation=prod=Chrome --annotation=ver=94.0.4606.81 --initial-client-data=0xa0,0xac,0xb0,0x74,0xb4,0x6eaa3708,0x6eaa3718,0x6eaa3724
PID:3048",FileEvent,Read,2021-10-08 17:15:43.968,18170
C:\Windows\Prefetch\CHROME.EXE-5A1054AF.pf,"""C:\Program Files\Google\Chrome\Application\chrome.exe"" --type=crashpad-handler ""--user-data-dir=C:\Users\jpdz\AppData\Local\Google\Chrome\User Data"" /prefetch:7 --monitor-self-annotation=ptype=crashpad-handler ""--database=C:\Users\jpdz\AppData\Local\Google\Chrome\User Data\Crashpad"" --url=https://clients2.google.com/cr/report --annotation=channel= --annotation=plat=Win32 --annotation=prod=Chrome --annotation=ver=94.0.4606.81 --initial-client-data=0xa0,0xac,0xb0,0x74,0xb4,0x6eaa3708,0x6eaa3718,0x6eaa3724
PID:3048",FileEvent,Read,2021-10-08 17:15:44.676,18170
C:\Windows\Prefetch\CHROME.EXE-5A1054AF.pf,"""C:\Program Files\Google\Chrome\Application\chrome.exe"" --type=crashpad-handler ""--user-data-dir=C:\Users\jpdz\AppData\Local\Google\Chrome\User Data"" /prefetch:7 --monitor-self-annotation=ptype=crashpad-handler ""--database=C:\Users\jpdz\AppData\Local\Google\Chrome\User Data\Crashpad"" --url=https://clients2.google.com/cr/report --annotation=channel= --annotation=plat=Win32 --annotation=prod=Chrome --annotation=ver=94.0.4606.81 --initial-client-data=0xa0,0xac,0xb0,0x74,0xb4,0x6eaa3708,0x6eaa3718,0x6eaa3724
PID:3048",FileEvent,Read,2021-10-08 17:15:44.349,18170
C:\Windows\Prefetch\CHROME.EXE-5A1054AF.pf,"""C:\Program Files\Google\Chrome\Application\chrome.exe"" --type=crashpad-handler ""--user-data-dir=C:\Users\jpdz\AppData\Local\Google\Chrome\User Data"" /prefetch:7 --monitor-self-annotation=ptype=crashpad-handler ""--database=C:\Users\jpdz\AppData\Local\Google\Chrome\User Data\Crashpad"" --url=https://clients2.google.com/cr/report --annotation=channel= --annotation=plat=Win32 --annotation=prod=Chrome --annotation=ver=94.0.4606.81 --initial-client-data=0xa0,0xac,0xb0,0x74,0xb4,0x6eaa3708,0x6eaa3718,0x6eaa3724
PID:3048",FileEvent,Read,2021-10-08 17:15:44.897,18170
C:\Windows\Prefetch\CHROME.EXE-5A1054AF.pf,"""C:\Program Files\Google\Chrome\Application\chrome.exe"" --type=crashpad-handler ""--user-data-dir=C:\Users\jpdz\AppData\Local\Google\Chrome\User Data"" /prefetch:7 --monitor-self-annotation=ptype=crashpad-handler ""--database=C:\Users\jpdz\AppData\Local\Google\Chrome\User Data\Crashpad"" --url=https://clients2.google.com/cr/report --annotation=channel= --annotation=plat=Win32 --annotation=prod=Chrome --annotation=ver=94.0.4606.81 --initial-client-data=0xa0,0xac,0xb0,0x74,0xb4,0x6eaa3708,0x6eaa3718,0x6eaa3724
PID:3048",FileEvent,Read,2021-10-08 17:15:43.970,18170
C:\Windows\Prefetch\CHROME.EXE-5A1054AF.pf,"""C:\Program Files\Google\Chrome\Application\chrome.exe"" --type=crashpad-handler ""--user-data-dir=C:\Users\jpdz\AppData\Local\Google\Chrome\User Data"" /prefetch:7 --monitor-self-annotation=ptype=crashpad-handler ""--database=C:\Users\jpdz\AppData\Local\Google\Chrome\User Data\Crashpad"" --url=https://clients2.google.com/cr/report --annotation=channel= --annotation=plat=Win32 --annotation=prod=Chrome --annotation=ver=94.0.4606.81 --initial-client-data=0xa0,0xac,0xb0,0x74,0xb4,0x6eaa3708,0x6eaa3718,0x6eaa3724
PID:3048",FileEvent,Read,2021-10-08 17:15:43.196,18170
