start,end,eventtype,operationtype,time,ref.size
C:\Users\jpdz\AppData\Local\Google\Chrome\User Data\Default\History-journal,"""C:\Program Files\Google\Chrome\Application\chrome.exe"" http://740d07fb.70igro.shop/amagc
PID:2936",FileEvent,Read,2021-10-08 17:15:19.125,8
"""C:\Program Files\Google\Chrome\Application\chrome.exe"" http://740d07fb.70igro.shop/amagc
PID:2936",C:\Users\jpdz\AppData\Local\Google\Chrome\User Data\Default\History-journal,FileEvent,Write,2021-10-08 17:15:09.90,57944
C:\Users\jpdz\AppData\Local\Google\Chrome\User Data\CertificateRevocation\6921\manifest.json,"""C:\Program Files\Google\Chrome\Application\chrome.exe"" http://740d07fb.70igro.shop/amagc
PID:2936",FileEvent,Read,2021-10-08 17:15:06.873,8192
C:\Users\jpdz\AppData\LocalLow\Microsoft\CryptnetUrlCache\MetaData\24BD96D5497F70B3F510A6B53CD43F3E_3A89246FB90C5EE6620004F1AE0EB0EA,"""C:\Program Files\Google\Chrome\Application\chrome.exe"" http://740d07fb.70igro.shop/amagc
PID:2936",FileEvent,Read,2021-10-08 17:15:08.64,410
"""C:\Program Files\Google\Chrome\Application\chrome.exe"" http://740d07fb.70igro.shop/amagc
PID:2936",C:\Users\jpdz\AppData\Local\Google\Chrome\User Data\Default\Sessions\Session_13279066404764455,FileEvent,Write,2021-10-08 17:15:09.336,11314
"""C:\Program Files\Google\Chrome\Application\chrome.exe"" http://740d07fb.70igro.shop/amagc
PID:2936",C:\Users\jpdz\AppData\Local\Google\Chrome\User Data\chrome_shutdown_ms.txt,FileEvent,Delete,2021-10-08 17:15:32.365,0
C:\Users\jpdz\AppData\Local\Google\Chrome\User Data\PKIMetadata\51\manifest.fingerprint,"""C:\Program Files\Google\Chrome\Application\chrome.exe"" http://740d07fb.70igro.shop/amagc
PID:2936",FileEvent,Read,2021-10-08 17:15:06.874,8192
C:\Users\jpdz\AppData\Local\Google\Chrome\User Data\Default\Web Data,"""C:\Program Files\Google\Chrome\Application\chrome.exe"" http://740d07fb.70igro.shop/amagc
PID:2936",FileEvent,Read,2021-10-08 17:15:06.816,16484
C:\Users\jpdz\AppData\Local\Google\Chrome\User Data\ThirdPartyModuleList32\2018.7.19.1\manifest.fingerprint,"""C:\Program Files\Google\Chrome\Application\chrome.exe"" http://740d07fb.70igro.shop/amagc
PID:2936",FileEvent,Read,2021-10-08 17:15:06.874,8192
C:\Users\jpdz\AppData\Local\Google\Chrome\User Data\Default\Sessions\Session_13279022487986185,"""C:\Program Files\Google\Chrome\Application\chrome.exe"" http://740d07fb.70igro.shop/amagc
PID:2936",FileEvent,Read,2021-10-08 17:15:09.334,3812
C:\Users\jpdz\AppData\Local\Google\Chrome\User Data\Default\Sync Data\LevelDB\MANIFEST-000001,"""C:\Program Files\Google\Chrome\Application\chrome.exe"" http://740d07fb.70igro.shop/amagc
PID:2936",FileEvent,Read,2021-10-08 17:15:08.172,32768
C:\Users\jpdz\AppData\LocalLow\Microsoft\CryptnetUrlCache\Content\A053CFB63FC8E6507871752236B5CCD5_108038BF2236B917DD84AFB9E79B23DF,"""C:\Program Files\Google\Chrome\Application\chrome.exe"" http://740d07fb.70igro.shop/amagc
PID:2936",FileEvent,Read,2021-10-08 17:15:25.200,1490
C:\Users\jpdz\AppData\Local\Google\Chrome\User Data\Default\History,"""C:\Program Files\Google\Chrome\Application\chrome.exe"" http://740d07fb.70igro.shop/amagc
PID:2936",FileEvent,Read,2021-10-08 17:15:06.807,2121976
"""C:\Program Files\Google\Chrome\Application\chrome.exe"" http://740d07fb.70igro.shop/amagc
PID:2936",C:\Users\jpdz\AppData\Local\Google\Chrome\User Data\Default\History,FileEvent,Write,2021-10-08 17:15:19.400,36864
C:\Users\jpdz\AppData\Local\Google\Chrome\User Data\OptimizationHints\302\manifest.json,"""C:\Program Files\Google\Chrome\Application\chrome.exe"" http://740d07fb.70igro.shop/amagc
PID:2936",FileEvent,Read,2021-10-08 17:15:06.872,8192
"""C:\Program Files\Google\Chrome\Application\chrome.exe"" http://740d07fb.70igro.shop/amagc
PID:2936","""C:\Program Files\Google\Chrome\Application\chrome.exe"" --type=utility --utility-sub-type=data_decoder.mojom.DataDecoderService --field-trial-handle=1044,1296335821838755594,16912037217022600300,131072 --lang=zh-CN --service-sandbox-type=service --mojo-platform-channel-handle=3676 /prefetch:8
PID:3248",ProcessEvent,Stop,2021-10-08 17:15:32.728,
C:\Users\jpdz\AppData\LocalLow\Microsoft\CryptnetUrlCache\Content\ACF244F1A10D4DBED0D88EBA0C43A9B5_16756CC7371BB76A269719AA1471E96C,"""C:\Program Files\Google\Chrome\Application\chrome.exe"" http://740d07fb.70igro.shop/amagc
PID:2936",FileEvent,Read,2021-10-08 17:15:25.197,1442
C:\Users\jpdz\AppData\Local\Google\Chrome\User Data\pnacl\0.57.44.2492\_platform_specific\x86_32\pnacl_public_pnacl_json,"""C:\Program Files\Google\Chrome\Application\chrome.exe"" http://740d07fb.70igro.shop/amagc
PID:2936",FileEvent,Read,2021-10-08 17:15:06.868,8192
C:\Users\jpdz\AppData\Local\Google\Chrome\User Data\Default\GPUCache\index,"""C:\Program Files\Google\Chrome\Application\chrome.exe"" http://740d07fb.70igro.shop/amagc
PID:2936",FileEvent,Read,2021-10-08 17:15:06.934,266608
"""C:\Program Files\Google\Chrome\Application\chrome.exe"" http://740d07fb.70igro.shop/amagc
PID:2936",C:\Users\jpdz\AppData\Local\Google\Chrome\User Data\Default\optimization_guide_hint_cache_store\LOG.old~RF31493f.TMP,FileEvent,Delete,2021-10-08 17:15:32.671,0
"""C:\Program Files\Google\Chrome\Application\chrome.exe"" http://740d07fb.70igro.shop/amagc
PID:2936",C:\Users\jpdz\AppData\Local\Google\Chrome\User Data\Default\data_reduction_proxy_leveldb\CURRENT~RF314d27.TMP,FileEvent,Delete,2021-10-08 17:15:33.654,0
C:\Users\jpdz\AppData\Local\Google\Chrome\User Data\DesktopSharingHub\20210813.1\manifest.fingerprint,"""C:\Program Files\Google\Chrome\Application\chrome.exe"" http://740d07fb.70igro.shop/amagc
PID:2936",FileEvent,Read,2021-10-08 17:15:06.876,8192
C:\Users\jpdz\AppData\Local\Google\Chrome\User Data\Default\Code Cache\js\index,"""C:\Program Files\Google\Chrome\Application\chrome.exe"" http://740d07fb.70igro.shop/amagc
PID:2936",FileEvent,Read,2021-10-08 17:15:06.809,24
C:\Users\jpdz\AppData\Local\Google\Chrome\User Data\Default\Bookmarks,"""C:\Program Files\Google\Chrome\Application\chrome.exe"" http://740d07fb.70igro.shop/amagc
PID:2936",FileEvent,Read,2021-10-08 17:15:06.809,8192
C:\Users\jpdz\AppData\Local\Google\Chrome\User Data\GrShaderCache\GPUCache\data_2,"""C:\Program Files\Google\Chrome\Application\chrome.exe"" http://740d07fb.70igro.shop/amagc
PID:2936",FileEvent,Read,2021-10-08 17:15:08.234,8192
"""C:\Program Files\Google\Chrome\Application\chrome.exe"" http://740d07fb.70igro.shop/amagc
PID:2936",C:\Users\jpdz\AppData\Local\Google\Chrome\User Data\cf0ef1a5-a98f-4600-a03f-42bb87655300.tmp,FileEvent,Write,2021-10-08 17:15:16.862,88220
C:\Users\jpdz\AppData\Local\Google\Chrome\User Data\Default\Secure Preferences,"""C:\Program Files\Google\Chrome\Application\chrome.exe"" http://740d07fb.70igro.shop/amagc
PID:2936",FileEvent,Read,2021-10-08 17:15:06.803,20480
"""C:\Program Files\Google\Chrome\Application\chrome.exe"" http://740d07fb.70igro.shop/amagc
PID:2936",C:\Users\jpdz\AppData\Local\Google\Chrome\User Data\Default\BudgetDatabase\LOG.old~RF314ac6.TMP,FileEvent,Delete,2021-10-08 17:15:33.42,0
C:\Users\jpdz\AppData\LocalLow\Microsoft\CryptnetUrlCache\Content\CAF4703619713E3F18D8A9D5D88D6288_A7725538C46DE2D0088EE44974E2CEBA,"""C:\Program Files\Google\Chrome\Application\chrome.exe"" http://740d07fb.70igro.shop/amagc
PID:2936",FileEvent,Read,2021-10-08 17:15:08.66,724
"""C:\Program Files\Google\Chrome\Application\chrome.exe"" http://740d07fb.70igro.shop/amagc
PID:2936",C:\Users\jpdz\AppData\Local\Google\Chrome\User Data\Default\data_reduction_proxy_leveldb\MANIFEST-000008,FileEvent,Delete,2021-10-08 17:15:33.769,0
C:\Users\jpdz\AppData\Local\Google\Chrome\User Data\Subresource Filter\Unindexed Rules\9.30.0\manifest.fingerprint,"""C:\Program Files\Google\Chrome\Application\chrome.exe"" http://740d07fb.70igro.shop/amagc
PID:2936",FileEvent,Read,2021-10-08 17:15:06.868,8192
C:\Users\jpdz\AppData\Local\Google\Chrome\User Data\ShaderCache\GPUCache\data_3,"""C:\Program Files\Google\Chrome\Application\chrome.exe"" http://740d07fb.70igro.shop/amagc
PID:2936",FileEvent,Read,2021-10-08 17:15:08.74,8192
C:\Users\jpdz\AppData\Local\Google\Chrome\User Data\DesktopSharingHub\20210813.1\manifest.json,"""C:\Program Files\Google\Chrome\Application\chrome.exe"" http://740d07fb.70igro.shop/amagc
PID:2936",FileEvent,Read,2021-10-08 17:15:06.876,8192
C:\Users\jpdz\AppData\Local\Google\Chrome\User Data\AutofillRegex\2021.8.17.1300\manifest.fingerprint,"""C:\Program Files\Google\Chrome\Application\chrome.exe"" http://740d07fb.70igro.shop/amagc
PID:2936",FileEvent,Read,2021-10-08 17:15:06.881,8192
"""C:\Program Files\Google\Chrome\Application\chrome.exe"" http://740d07fb.70igro.shop/amagc
PID:2936",C:\Users\jpdz\AppData\Local\Google\Chrome\User Data\Default\Site Characteristics Database\LOG.old~RF30e47a.TMP,FileEvent,Delete,2021-10-08 17:15:08.169,0
"""C:\Program Files\Google\Chrome\Application\chrome.exe"" http://740d07fb.70igro.shop/amagc
PID:2936",C:\Users\jpdz\AppData\Local\Google\Chrome\User Data\Default\Local Storage\leveldb\LOG.old~RF30e9d9.TMP,FileEvent,Delete,2021-10-08 17:15:08.173,0
C:\Users\jpdz\AppData\Local\Google\Chrome\User Data\ZxcvbnData\1\manifest.json,"""C:\Program Files\Google\Chrome\Application\chrome.exe"" http://740d07fb.70igro.shop/amagc
PID:2936",FileEvent,Read,2021-10-08 17:15:06.876,8192
C:\Users\jpdz\AppData\Local\Google\Chrome\User Data\ZxcvbnData\1\manifest.fingerprint,"""C:\Program Files\Google\Chrome\Application\chrome.exe"" http://740d07fb.70igro.shop/amagc
PID:2936",FileEvent,Read,2021-10-08 17:15:06.876,8192
C:\Users\jpdz\AppData\Local\Google\Chrome\User Data\ShaderCache\GPUCache\index,"""C:\Program Files\Google\Chrome\Application\chrome.exe"" http://740d07fb.70igro.shop/amagc
PID:2936",FileEvent,Read,2021-10-08 17:15:08.74,266608
C:\Users\jpdz\AppData\Local\Google\Chrome\User Data\ShaderCache\GPUCache\data_1,"""C:\Program Files\Google\Chrome\Application\chrome.exe"" http://740d07fb.70igro.shop/amagc
PID:2936",FileEvent,Read,2021-10-08 17:15:08.74,8704
C:\Users\jpdz\AppData\Local\Google\Chrome\User Data\ShaderCache\GPUCache\data_0,"""C:\Program Files\Google\Chrome\Application\chrome.exe"" http://740d07fb.70igro.shop/amagc
PID:2936",FileEvent,Read,2021-10-08 17:15:08.74,16384
C:\Users\jpdz\AppData\Local\Google\Chrome\User Data\GrShaderCache\GPUCache\data_0,"""C:\Program Files\Google\Chrome\Application\chrome.exe"" http://740d07fb.70igro.shop/amagc
PID:2936",FileEvent,Read,2021-10-08 17:15:08.233,16384
C:\Users\jpdz\AppData\LocalLow\Microsoft\CryptnetUrlCache\MetaData\A16C6C16D94F76E0808C087DFC657D99_6E3B293BC75A798BFF07CE90C43DFD32,"""C:\Program Files\Google\Chrome\Application\chrome.exe"" http://740d07fb.70igro.shop/amagc
PID:2936",FileEvent,Read,2021-10-08 17:15:25.287,410
"""C:\Program Files\Google\Chrome\Application\chrome.exe"" http://740d07fb.70igro.shop/amagc
PID:2936",C:\Users\jpdz\AppData\Local\Google\Chrome\User Data\Default\Preferences~RF311166.TMP,FileEvent,Delete,2021-10-08 17:15:18.353,0
C:\Users\jpdz\AppData\Local\Google\Chrome\User Data\Default\Favicons,"""C:\Program Files\Google\Chrome\Application\chrome.exe"" http://740d07fb.70igro.shop/amagc
PID:2936",FileEvent,Read,2021-10-08 17:15:06.809,2103396
"""C:\Program Files\Google\Chrome\Application\chrome.exe"" http://740d07fb.70igro.shop/amagc
PID:2936","""C:\Program Files\Google\Chrome\Application\chrome.exe"" --type=renderer --disable-client-side-phishing-detection --cross-origin-webassembly-module-sharing-allowed --display-capture-permissions-policy-allowed --field-trial-handle=1044,1296335821838755594,16912037217022600300,131072 --lang=zh-CN --device-scale-factor=1 --num-raster-threads=1 --renderer-client-id=5 --no-v8-untrusted-code-mitigations --mojo-platform-channel-handle=1960 /prefetch:1
PID:3860",ProcessEvent,Create,2021-10-08 17:15:06.916,
"""C:\Program Files\Google\Chrome\Application\chrome.exe"" http://740d07fb.70igro.shop/amagc
PID:2936",C:\Users\jpdz\AppData\Local\Google\Chrome\User Data\Default\data_reduction_proxy_leveldb\000009.log,FileEvent,Delete,2021-10-08 17:15:33.769,0
C:\Users\jpdz\AppData\Local\Google\Chrome\User Data\MEIPreload\1.0.6.0\manifest.json,"""C:\Program Files\Google\Chrome\Application\chrome.exe"" http://740d07fb.70igro.shop/amagc
PID:2936",FileEvent,Read,2021-10-08 17:15:06.874,8192
C:\Users\jpdz\AppData\Local\Google\Chrome\User Data\SwReporter\93.269.200\manifest.json,"""C:\Program Files\Google\Chrome\Application\chrome.exe"" http://740d07fb.70igro.shop/amagc
PID:2936",FileEvent,Read,2021-10-08 17:15:06.874,8192
C:\Users\jpdz\AppData\Local\Google\Chrome\User Data\Default\Code Cache\wasm\index,"""C:\Program Files\Google\Chrome\Application\chrome.exe"" http://740d07fb.70igro.shop/amagc
PID:2936",FileEvent,Read,2021-10-08 17:15:06.809,24
C:\Users\jpdz\AppData\Local\Google\Chrome\User Data\Default\GPUCache\data_1,"""C:\Program Files\Google\Chrome\Application\chrome.exe"" http://740d07fb.70igro.shop/amagc
PID:2936",FileEvent,Read,2021-10-08 17:15:06.934,8704
"""C:\Program Files\Google\Chrome\Application\chrome.exe"" http://740d07fb.70igro.shop/amagc
PID:2936",C:\Users\jpdz\AppData\Local\Google\Chrome\User Data\Default\Extension State\LOG.old~RF30e9ca.TMP,FileEvent,Delete,2021-10-08 17:15:08.169,0
C:\Windows\system32\drivers\etc\hosts,"""C:\Program Files\Google\Chrome\Application\chrome.exe"" http://740d07fb.70igro.shop/amagc
PID:2936",FileEvent,Read,2021-10-08 17:15:06.792,8192
C:\Users\jpdz\AppData\LocalLow\Microsoft\CryptnetUrlCache\MetaData\ACF244F1A10D4DBED0D88EBA0C43A9B5_16756CC7371BB76A269719AA1471E96C,"""C:\Program Files\Google\Chrome\Application\chrome.exe"" http://740d07fb.70igro.shop/amagc
PID:2936",FileEvent,Read,2021-10-08 17:15:25.197,492
"""C:\Program Files\Google\Chrome\Application\chrome.exe"" http://740d07fb.70igro.shop/amagc
PID:2936",C:\Users\jpdz\AppData\Local\Google\Chrome\User Data\Default\Feature Engagement Tracker\AvailabilityDB\LOG.old~RF314ac6.TMP,FileEvent,Delete,2021-10-08 17:15:33.41,0
"""C:\Program Files\Google\Chrome\Application\chrome.exe"" http://740d07fb.70igro.shop/amagc
PID:2936",C:\Users\jpdz\AppData\Local\Google\Chrome\User Data\Default\shared_proto_db\metadata\LOG.old~RF314ac6.TMP,FileEvent,Delete,2021-10-08 17:15:33.45,0
C:\Users\jpdz\AppData\LocalLow\Microsoft\CryptnetUrlCache\Content\F07644E38ED7C9F37D11EEC6D4335E02_BE9EEF936EC97838527255B8F50AE885,"""C:\Program Files\Google\Chrome\Application\chrome.exe"" http://740d07fb.70igro.shop/amagc
PID:2936",FileEvent,Read,2021-10-08 17:15:08.67,472
C:\Users\jpdz\AppData\Local\Google\Chrome\User Data\SwReporter\93.269.200\manifest.fingerprint,"""C:\Program Files\Google\Chrome\Application\chrome.exe"" http://740d07fb.70igro.shop/amagc
PID:2936",FileEvent,Read,2021-10-08 17:15:06.874,8192
"""C:\Program Files\Google\Chrome\Application\chrome.exe"" http://740d07fb.70igro.shop/amagc
PID:2936",C:\Users\jpdz\AppData\Local\Google\Chrome\User Data\Default\LOG.old~RF314b24.TMP,FileEvent,Delete,2021-10-08 17:15:33.142,0
"""C:\Program Files\Google\Chrome\Application\chrome.exe"" http://740d07fb.70igro.shop/amagc
PID:2936",C:\Users\jpdz\AppData\Local\Google\Chrome\User Data\Local State~RF310e49.TMP,FileEvent,Delete,2021-10-08 17:15:17.552,0
C:\Users\jpdz\AppData\Local\Google\Chrome\User Data\Default\Site Characteristics Database\000003.log,"""C:\Program Files\Google\Chrome\Application\chrome.exe"" http://740d07fb.70igro.shop/amagc
PID:2936",FileEvent,Read,2021-10-08 17:15:08.170,32768
C:\Users\jpdz\AppData\Local\Google\Chrome\User Data\Crowd Deny\2021.10.11.1142\manifest.fingerprint,"""C:\Program Files\Google\Chrome\Application\chrome.exe"" http://740d07fb.70igro.shop/amagc
PID:2936",FileEvent,Read,2021-10-08 17:15:06.875,8192
"""C:\Program Files\Google\Chrome\Application\chrome.exe"" http://740d07fb.70igro.shop/amagc
PID:2936","""C:\Program Files\Google\Chrome\Application\chrome.exe"" --type=crashpad-handler ""--user-data-dir=C:\Users\jpdz\AppData\Local\Google\Chrome\User Data"" /prefetch:7 --monitor-self-annotation=ptype=crashpad-handler ""--database=C:\Users\jpdz\AppData\Local\Google\Chrome\User Data\Crashpad"" --url=https://clients2.google.com/cr/report --annotation=channel= --annotation=plat=Win32 --annotation=prod=Chrome --annotation=ver=94.0.4606.81 --initial-client-data=0xa0,0xac,0xb0,0x74,0xb4,0x6eb63708,0x6eb63718,0x6eb63724
PID:3184",ProcessEvent,Create,2021-10-08 17:15:06.712,
C:\Users\jpdz\AppData\Local\Google\Chrome\User Data\Crashpad\settings.dat,"""C:\Program Files\Google\Chrome\Application\chrome.exe"" http://740d07fb.70igro.shop/amagc
PID:2936",FileEvent,Read,2021-10-08 17:15:06.720,160
"""C:\Program Files\Google\Chrome\Application\chrome.exe"" http://740d07fb.70igro.shop/amagc
PID:2936",C:\Users\jpdz\AppData\Local\Google\Chrome\User Data\Crashpad\settings.dat,FileEvent,Write,2021-10-08 17:15:06.720,240
C:\Users\jpdz\AppData\Local\Google\Chrome\User Data\ClientSidePhishing\25.3\manifest.fingerprint,"""C:\Program Files\Google\Chrome\Application\chrome.exe"" http://740d07fb.70igro.shop/amagc
PID:2936",FileEvent,Read,2021-10-08 17:15:06.881,8192
C:\Users\jpdz\AppData\Local\Google\Chrome\User Data\Default\GPUCache\data_2,"""C:\Program Files\Google\Chrome\Application\chrome.exe"" http://740d07fb.70igro.shop/amagc
PID:2936",FileEvent,Read,2021-10-08 17:15:06.934,8192
C:\Users\jpdz\AppData\Local\Google\Chrome\User Data\AutofillStates\2020.11.2.164946\manifest.fingerprint,"""C:\Program Files\Google\Chrome\Application\chrome.exe"" http://740d07fb.70igro.shop/amagc
PID:2936",FileEvent,Read,2021-10-08 17:15:06.881,8192
C:\Users\jpdz\AppData\Local\Google\Chrome\User Data\SSLErrorAssistant\7\manifest.json,"""C:\Program Files\Google\Chrome\Application\chrome.exe"" http://740d07fb.70igro.shop/amagc
PID:2936",FileEvent,Read,2021-10-08 17:15:06.873,8192
C:\Users\jpdz\AppData\Local\Google\Chrome\User Data\hyphen-data\97.0.4673.0\manifest.json,"""C:\Program Files\Google\Chrome\Application\chrome.exe"" http://740d07fb.70igro.shop/amagc
PID:2936",FileEvent,Read,2021-10-08 17:15:06.875,8192
"""C:\Program Files\Google\Chrome\Application\chrome.exe"" http://740d07fb.70igro.shop/amagc
PID:2936","""C:\Program Files\Google\Chrome\Application\chrome.exe"" --type=utility --utility-sub-type=data_decoder.mojom.DataDecoderService --field-trial-handle=1044,1296335821838755594,16912037217022600300,131072 --lang=zh-CN --service-sandbox-type=service --mojo-platform-channel-handle=3676 /prefetch:8
PID:3248",ProcessEvent,Create,2021-10-08 17:15:32.664,
C:\Users\jpdz\AppData\Local\Google\Chrome\User Data\Default\Extension State\000003.log,"""C:\Program Files\Google\Chrome\Application\chrome.exe"" http://740d07fb.70igro.shop/amagc
PID:2936",FileEvent,Read,2021-10-08 17:15:08.170,32768
"""C:\Program Files\Google\Chrome\Application\chrome.exe"" http://740d07fb.70igro.shop/amagc
PID:2936",C:\Users\jpdz\AppData\Local\Google\Chrome\User Data\Default\Extension State\LOG,FileEvent,Write,2021-10-08 17:15:08.170,493
C:\Users\jpdz\AppData\Local\Google\Chrome\User Data\SSLErrorAssistant\7\manifest.fingerprint,"""C:\Program Files\Google\Chrome\Application\chrome.exe"" http://740d07fb.70igro.shop/amagc
PID:2936",FileEvent,Read,2021-10-08 17:15:06.873,8192
C:\Users\jpdz\AppData\Local\Google\Chrome\User Data\Default\GPUCache\data_3,"""C:\Program Files\Google\Chrome\Application\chrome.exe"" http://740d07fb.70igro.shop/amagc
PID:2936",FileEvent,Read,2021-10-08 17:15:06.934,8192
C:\Users\jpdz\AppData\Local\Google\Chrome\User Data\Default\Extension State\CURRENT,"""C:\Program Files\Google\Chrome\Application\chrome.exe"" http://740d07fb.70igro.shop/amagc
PID:2936",FileEvent,Read,2021-10-08 17:15:08.170,16384
C:\Users\jpdz\AppData\LocalLow\Microsoft\CryptnetUrlCache\MetaData\F07644E38ED7C9F37D11EEC6D4335E02_BE9EEF936EC97838527255B8F50AE885,"""C:\Program Files\Google\Chrome\Application\chrome.exe"" http://740d07fb.70igro.shop/amagc
PID:2936",FileEvent,Read,2021-10-08 17:15:08.67,406
C:\Users\jpdz\AppData\LocalLow\Microsoft\CryptnetUrlCache\MetaData\A053CFB63FC8E6507871752236B5CCD5_108038BF2236B917DD84AFB9E79B23DF,"""C:\Program Files\Google\Chrome\Application\chrome.exe"" http://740d07fb.70igro.shop/amagc
PID:2936",FileEvent,Read,2021-10-08 17:15:25.200,540
"""C:\Program Files\Google\Chrome\Application\chrome.exe"" http://740d07fb.70igro.shop/amagc
PID:2936",C:\Users\jpdz\AppData\Local\Google\Chrome\User Data\Default\Code Cache\js\309b805e54cc2e24_0,FileEvent,Write,2021-10-08 17:15:25.226,408
"""C:\Program Files\Google\Chrome\Application\chrome.exe"" http://740d07fb.70igro.shop/amagc
PID:2936","""C:\Program Files\Google\Chrome\Application\chrome.exe"" --type=utility --utility-sub-type=network.mojom.NetworkService --field-trial-handle=1044,1296335821838755594,16912037217022600300,131072 --lang=zh-CN --service-sandbox-type=none --mojo-platform-channel-handle=1308 /prefetch:8
PID:2108",ProcessEvent,Create,2021-10-08 17:15:06.806,
C:\Windows\Prefetch\CHROME.EXE-5A1054AF.pf,"""C:\Program Files\Google\Chrome\Application\chrome.exe"" http://740d07fb.70igro.shop/amagc
PID:2936",FileEvent,Read,2021-10-08 17:15:06.705,18170
C:\Users\jpdz\AppData\Local\Google\Chrome\User Data\FileTypePolicies\45\manifest.fingerprint,"""C:\Program Files\Google\Chrome\Application\chrome.exe"" http://740d07fb.70igro.shop/amagc
PID:2936",FileEvent,Read,2021-10-08 17:15:06.873,8192
"""C:\Program Files\Google\Chrome\Application\chrome.exe"" http://740d07fb.70igro.shop/amagc
PID:2936",C:\Users\jpdz\AppData\Local\Google\Chrome\User Data\Default\Code Cache\js\fa793e5b23722479_0,FileEvent,Write,2021-10-08 17:15:25.786,402
C:\Users\jpdz\AppData\Local\Google\Chrome\User Data\Default\Sync Data\LevelDB\CURRENT,"""C:\Program Files\Google\Chrome\Application\chrome.exe"" http://740d07fb.70igro.shop/amagc
PID:2936",FileEvent,Read,2021-10-08 17:15:08.172,16384
"""C:\Program Files\Google\Chrome\Application\chrome.exe"" http://740d07fb.70igro.shop/amagc
PID:2936",C:\Users\jpdz\AppData\Local\Google\Chrome\User Data\Last Version,FileEvent,Write,2021-10-08 17:15:06.799,12
C:\Users\jpdz\AppData\Local\Google\Chrome\User Data\Last Version,"""C:\Program Files\Google\Chrome\Application\chrome.exe"" http://740d07fb.70igro.shop/amagc
PID:2936",FileEvent,Read,2021-10-08 17:15:06.799,8192
C:\Users\jpdz\AppData\Local\Google\Chrome\User Data\ThirdPartyModuleList32\2018.7.19.1\manifest.json,"""C:\Program Files\Google\Chrome\Application\chrome.exe"" http://740d07fb.70igro.shop/amagc
PID:2936",FileEvent,Read,2021-10-08 17:15:06.874,8192
C:\Users\jpdz\AppData\Local\Google\Chrome\User Data\Default\Login Data For Account,"""C:\Program Files\Google\Chrome\Application\chrome.exe"" http://740d07fb.70igro.shop/amagc
PID:2936",FileEvent,Read,2021-10-08 17:15:06.855,12388
C:\Users\jpdz\AppData\Local\Google\Chrome\User Data\PKIMetadata\51\manifest.json,"""C:\Program Files\Google\Chrome\Application\chrome.exe"" http://740d07fb.70igro.shop/amagc
PID:2936",FileEvent,Read,2021-10-08 17:15:06.874,8192
"""C:\Program Files\Google\Chrome\Application\chrome.exe"" http://740d07fb.70igro.shop/amagc
PID:2936",C:\Users\jpdz\AppData\Local\Google\Chrome\User Data\Default\optimization_guide_model_and_features_store\LOG.old~RF31493f.TMP,FileEvent,Delete,2021-10-08 17:15:32.672,0
C:\Users\jpdz\AppData\Local\Google\Chrome\User Data\Default\Login Data,"""C:\Program Files\Google\Chrome\Application\chrome.exe"" http://740d07fb.70igro.shop/amagc
PID:2936",FileEvent,Read,2021-10-08 17:15:06.849,12388
"""C:\Program Files\Google\Chrome\Application\chrome.exe"" http://740d07fb.70igro.shop/amagc
PID:2936",C:\Users\jpdz\AppData\Local\Google\Chrome\User Data\Default\blob_storage\e2d218cb-e870-449a-9367-24384cf9c19a,FileEvent,Delete,2021-10-08 17:15:32.363,0
C:\Users\jpdz\AppData\Local\Google\Chrome\User Data\CertificateRevocation\6921\manifest.fingerprint,"""C:\Program Files\Google\Chrome\Application\chrome.exe"" http://740d07fb.70igro.shop/amagc
PID:2936",FileEvent,Read,2021-10-08 17:15:06.873,8192
C:\Users\jpdz\AppData\Local\Google\Chrome\User Data\AutofillRegex\2021.8.17.1300\manifest.json,"""C:\Program Files\Google\Chrome\Application\chrome.exe"" http://740d07fb.70igro.shop/amagc
PID:2936",FileEvent,Read,2021-10-08 17:15:06.881,8192
C:\Users\jpdz\AppData\Local\Google\Chrome\User Data\Crowd Deny\2021.10.11.1142\Preload Data,"""C:\Program Files\Google\Chrome\Application\chrome.exe"" http://740d07fb.70igro.shop/amagc
PID:2936",FileEvent,Read,2021-10-08 17:15:06.959,20480
C:\Windows\system32\spool\drivers\color\sRGB Color Space Profile.icm,"""C:\Program Files\Google\Chrome\Application\chrome.exe"" http://740d07fb.70igro.shop/amagc
PID:2936",FileEvent,Read,2021-10-08 17:15:06.926,8192
C:\Users\jpdz\AppData\Local\Google\Chrome\User Data\OriginTrials\1.0.0.9\manifest.fingerprint,"""C:\Program Files\Google\Chrome\Application\chrome.exe"" http://740d07fb.70igro.shop/amagc
PID:2936",FileEvent,Read,2021-10-08 17:15:06.873,8192
C:\Users\jpdz\AppData\LocalLow\Microsoft\CryptnetUrlCache\MetaData\CAF4703619713E3F18D8A9D5D88D6288_A7725538C46DE2D0088EE44974E2CEBA,"""C:\Program Files\Google\Chrome\Application\chrome.exe"" http://740d07fb.70igro.shop/amagc
PID:2936",FileEvent,Read,2021-10-08 17:15:08.66,392
"""C:\Program Files\Google\Chrome\Application\chrome.exe"" http://740d07fb.70igro.shop/amagc
PID:2936","""C:\Program Files\Google\Chrome\Application\chrome.exe"" --type=gpu-process --field-trial-handle=1044,1296335821838755594,16912037217022600300,131072 --gpu-preferences=UAAAAAAAAADgAAAIAAAAAAAAAAAAAAAAAABgAIAAAAAwAAAAAAAAAAAAAAAAAAAAAAAAAAAAAAAAAAAAAAAAAHgAAAAAAAAAeAAAAAAAAAAoAAAABAAAACAAAAAAAAAAKAAAAAAAAAAwAAAAAAAAADgAAAAAAAAAEAAAAAAAAAAAAAAADQAAABAAAAAAAAAAAQAAAA0AAAAQAAAAAAAAAAQAAAANAAAAEAAAAAAAAAAHAAAADQAAAAgAAAAAAAAACAAAAAAAAAA= --mojo-platform-channel-handle=1056 /prefetch:2
PID:3036",ProcessEvent,Stop,2021-10-08 17:15:08.72,
C:\Program Files\Google\Chrome\Application\94.0.4606.81\chrome.dll,"""C:\Program Files\Google\Chrome\Application\chrome.exe"" http://740d07fb.70igro.shop/amagc
PID:2936",FileEvent,Read,2021-10-08 17:15:06.722,150994944
C:\Users\jpdz\AppData\Local\Google\Chrome\User Data\TrustTokenKeyCommitments\2021.10.17.2\manifest.fingerprint,"""C:\Program Files\Google\Chrome\Application\chrome.exe"" http://740d07fb.70igro.shop/amagc
PID:2936",FileEvent,Read,2021-10-08 17:15:06.873,8192
"""C:\Program Files\Google\Chrome\Application\chrome.exe"" http://740d07fb.70igro.shop/amagc
PID:2936",C:\Users\jpdz\AppData\Local\Google\Chrome\User Data\Default\Feature Engagement Tracker\EventDB\LOG.old~RF314ac6.TMP,FileEvent,Delete,2021-10-08 17:15:33.40,0
"""C:\Program Files\Google\Chrome\Application\chrome.exe"" http://740d07fb.70igro.shop/amagc
PID:2936",C:\Users\jpdz\AppData\Local\Google\Chrome\User Data\BrowserMetrics\BrowserMetrics-616D3BAE-F30.pma,FileEvent,Delete,2021-10-08 17:15:32.364,0
C:\Users\jpdz\AppData\Local\Google\Chrome\User Data\Floc\1.0.6\manifest.json,"""C:\Program Files\Google\Chrome\Application\chrome.exe"" http://740d07fb.70igro.shop/amagc
PID:2936",FileEvent,Read,2021-10-08 17:15:06.869,8192
C:\Users\jpdz\AppData\Local\Google\Chrome\User Data\Default\Extension State\MANIFEST-000001,"""C:\Program Files\Google\Chrome\Application\chrome.exe"" http://740d07fb.70igro.shop/amagc
PID:2936",FileEvent,Read,2021-10-08 17:15:08.170,32768
C:\Users\jpdz\AppData\Local\Google\Chrome\User Data\OriginTrials\1.0.0.9\manifest.json,"""C:\Program Files\Google\Chrome\Application\chrome.exe"" http://740d07fb.70igro.shop/amagc
PID:2936",FileEvent,Read,2021-10-08 17:15:06.873,8192
C:\Users\jpdz\AppData\Local\Google\Chrome\User Data\Default\Preferences,"""C:\Program Files\Google\Chrome\Application\chrome.exe"" http://740d07fb.70igro.shop/amagc
PID:2936",FileEvent,Read,2021-10-08 17:15:06.802,12288
"""C:\Program Files\Google\Chrome\Application\chrome.exe"" http://740d07fb.70igro.shop/amagc
PID:2936",C:\Users\jpdz\AppData\Local\Google\Chrome\User Data\Local State~RF30eb02.TMP,FileEvent,Delete,2021-10-08 17:15:08.465,0
"""C:\Program Files\Google\Chrome\Application\chrome.exe"" http://740d07fb.70igro.shop/amagc
PID:2936",C:\Users\jpdz\AppData\Local\Google\Chrome\User Data\Default\Download Service\EntryDB\LOG.old~RF314b24.TMP,FileEvent,Delete,2021-10-08 17:15:33.143,0
C:\Users\jpdz\AppData\Local\Google\Chrome\User Data\Default\GPUCache\data_0,"""C:\Program Files\Google\Chrome\Application\chrome.exe"" http://740d07fb.70igro.shop/amagc
PID:2936",FileEvent,Read,2021-10-08 17:15:06.934,16384
C:\Users\jpdz\AppData\Local\Google\Chrome\User Data\AutofillStates\2020.11.2.164946\manifest.json,"""C:\Program Files\Google\Chrome\Application\chrome.exe"" http://740d07fb.70igro.shop/amagc
PID:2936",FileEvent,Read,2021-10-08 17:15:06.876,8192
C:\Users\jpdz\AppData\Local\Google\Chrome\User Data\Default\Sessions\Tabs_13279022482387234,"""C:\Program Files\Google\Chrome\Application\chrome.exe"" http://740d07fb.70igro.shop/amagc
PID:2936",FileEvent,Read,2021-10-08 17:15:08.158,5708
"""C:\Program Files\Google\Chrome\Application\chrome.exe"" http://740d07fb.70igro.shop/amagc
PID:2936",C:\Users\jpdz\AppData\Local\Google\Chrome\User Data\Default\Sync Data\LevelDB\LOG,FileEvent,Write,2021-10-08 17:15:08.172,499
C:\Users\jpdz\AppData\Local\Google\Chrome\User Data\hyphen-data\97.0.4673.0\manifest.fingerprint,"""C:\Program Files\Google\Chrome\Application\chrome.exe"" http://740d07fb.70igro.shop/amagc
PID:2936",FileEvent,Read,2021-10-08 17:15:06.875,8192
C:\Users\jpdz\AppData\Local\Google\Chrome\User Data\Subresource Filter\Unindexed Rules\9.30.0\manifest.json,"""C:\Program Files\Google\Chrome\Application\chrome.exe"" http://740d07fb.70igro.shop/amagc
PID:2936",FileEvent,Read,2021-10-08 17:15:06.868,8192
C:\Users\jpdz\AppData\Local\Google\Chrome\User Data\OptimizationHints\302\manifest.fingerprint,"""C:\Program Files\Google\Chrome\Application\chrome.exe"" http://740d07fb.70igro.shop/amagc
PID:2936",FileEvent,Read,2021-10-08 17:15:06.872,8192
"""C:\Program Files\Google\Chrome\Application\chrome.exe"" http://740d07fb.70igro.shop/amagc
PID:2936",C:\Users\jpdz\AppData\Local\Google\Chrome\User Data\Default\data_reduction_proxy_leveldb\LOG.old~RF314807.TMP,FileEvent,Delete,2021-10-08 17:15:32.368,0
C:\Users\jpdz\AppData\Local\Google\Chrome\User Data\ShaderCache\GPUCache\data_2,"""C:\Program Files\Google\Chrome\Application\chrome.exe"" http://740d07fb.70igro.shop/amagc
PID:2936",FileEvent,Read,2021-10-08 17:15:08.74,8192
C:\Users\jpdz\AppData\Local\Google\Chrome\User Data\TrustTokenKeyCommitments\2021.10.17.2\manifest.json,"""C:\Program Files\Google\Chrome\Application\chrome.exe"" http://740d07fb.70igro.shop/amagc
PID:2936",FileEvent,Read,2021-10-08 17:15:06.872,8192
"""C:\Program Files\Google\Chrome\Application\chrome.exe"" http://740d07fb.70igro.shop/amagc
PID:2936",C:\Users\jpdz\AppData\Local\Google\Chrome\User Data\Default\Session Storage\LOG.old~RF30e9e9.TMP,FileEvent,Delete,2021-10-08 17:15:08.182,0
C:\Users\jpdz\AppData\Local\Google\Chrome\User Data\SafetyTips\2716\manifest.fingerprint,"""C:\Program Files\Google\Chrome\Application\chrome.exe"" http://740d07fb.70igro.shop/amagc
PID:2936",FileEvent,Read,2021-10-08 17:15:06.875,8192
C:\Users\jpdz\AppData\Local\Google\Chrome\User Data\Local State,"""C:\Program Files\Google\Chrome\Application\chrome.exe"" http://740d07fb.70igro.shop/amagc
PID:2936",FileEvent,Read,2021-10-08 17:15:06.769,53248
C:\Users\jpdz\AppData\Local\Google\Chrome\User Data\Default\Sync Data\LevelDB\000003.log,"""C:\Program Files\Google\Chrome\Application\chrome.exe"" http://740d07fb.70igro.shop/amagc
PID:2936",FileEvent,Read,2021-10-08 17:15:08.172,32768
"""C:\Program Files\Google\Chrome\Application\chrome.exe"" http://740d07fb.70igro.shop/amagc
PID:2936",C:\Users\jpdz\AppData\Local\Google\Chrome\User Data\Default\6801a74a-ce10-4148-ad37-ad07df4ac59b.tmp,FileEvent,Write,2021-10-08 17:15:18.177,7229
"""C:\Program Files\Google\Chrome\Application\chrome.exe"" http://740d07fb.70igro.shop/amagc
PID:2936",C:\Users\jpdz\AppData\Local\Google\Chrome\User Data\Default\shared_proto_db\LOG.old~RF314ac6.TMP,FileEvent,Delete,2021-10-08 17:15:33.47,0
C:\Users\jpdz\AppData\Local\Google\Chrome\User Data\SafetyTips\2716\manifest.json,"""C:\Program Files\Google\Chrome\Application\chrome.exe"" http://740d07fb.70igro.shop/amagc
PID:2936",FileEvent,Read,2021-10-08 17:15:06.875,8192
C:\Users\jpdz\AppData\Local\Google\Chrome\User Data\BrowserMetrics\BrowserMetrics-616DE822-B78.pma,"""C:\Program Files\Google\Chrome\Application\chrome.exe"" http://740d07fb.70igro.shop/amagc
PID:2936",FileEvent,Read,2021-10-08 17:15:06.778,196608
"""C:\Program Files\Google\Chrome\Application\chrome.exe"" http://740d07fb.70igro.shop/amagc
PID:2936",C:\Users\jpdz\AppData\Local\Google\Chrome\User Data\BrowserMetrics\BrowserMetrics-616DE822-B78.pma,FileEvent,Delete,2021-10-08 17:15:32.365,0
C:\Users\jpdz\AppData\Local\Google\Chrome\User Data\FileTypePolicies\45\manifest.json,"""C:\Program Files\Google\Chrome\Application\chrome.exe"" http://740d07fb.70igro.shop/amagc
PID:2936",FileEvent,Read,2021-10-08 17:15:06.873,8192
"""C:\Program Files\Google\Chrome\Application\chrome.exe"" http://740d07fb.70igro.shop/amagc
PID:2936","""C:\Program Files\Google\Chrome\Application\chrome.exe"" --type=utility --utility-sub-type=storage.mojom.StorageService --field-trial-handle=1044,1296335821838755594,16912037217022600300,131072 --lang=zh-CN --service-sandbox-type=utility --mojo-platform-channel-handle=1508 /prefetch:8
PID:3332",ProcessEvent,Create,2021-10-08 17:15:06.815,
"""C:\Program Files\Google\Chrome\Application\chrome.exe"" http://740d07fb.70igro.shop/amagc
PID:2936","""C:\Program Files\Google\Chrome\Application\chrome.exe"" --type=renderer --disable-client-side-phishing-detection --cross-origin-webassembly-module-sharing-allowed --display-capture-permissions-policy-allowed --field-trial-handle=1044,1296335821838755594,16912037217022600300,131072 --lang=zh-CN --device-scale-factor=1 --num-raster-threads=1 --renderer-client-id=6 --no-v8-untrusted-code-mitigations --mojo-platform-channel-handle=1952 /prefetch:1
PID:3316",ProcessEvent,Create,2021-10-08 17:15:06.901,
"""C:\Program Files\Google\Chrome\Application\chrome.exe"" http://740d07fb.70igro.shop/amagc
PID:2936",C:\Users\jpdz\AppData\Local\Google\Chrome\User Data\Default\8497c40e-17cd-4cbb-be9c-2fee340ece39.tmp,FileEvent,Delete,2021-10-08 17:15:08.168,0
"""C:\Program Files\Google\Chrome\Application\chrome.exe"" http://740d07fb.70igro.shop/amagc
PID:2936",C:\Users\jpdz\AppData\Local\Google\Chrome\User Data\Default\8497c40e-17cd-4cbb-be9c-2fee340ece39.tmp,FileEvent,Write,2021-10-08 17:15:08.167,1
C:\Program Files\Google\Chrome\Application\94.0.4606.81\MEIPreload\manifest.json,"""C:\Program Files\Google\Chrome\Application\chrome.exe"" http://740d07fb.70igro.shop/amagc
PID:2936",FileEvent,Read,2021-10-08 17:15:06.874,8192
"""C:\Program Files\Google\Chrome\Application\chrome.exe"" http://740d07fb.70igro.shop/amagc
PID:2936",C:\Users\jpdz\AppData\Local\Google\Chrome\User Data\e671b0ca-1a22-4dc1-87d3-3f18913e51dc.tmp,FileEvent,Write,2021-10-08 17:15:08.159,48969
"""C:\Program Files\Google\Chrome\Application\chrome.exe"" http://740d07fb.70igro.shop/amagc
PID:2936",C:\Users\jpdz\AppData\Local\Google\Chrome\User Data\Local State~RF314836.TMP,FileEvent,Delete,2021-10-08 17:15:32.414,0
C:\Users\jpdz\AppData\Local\Google\Chrome\User Data\Default\Code Cache\js\index-dir\the-real-index,"""C:\Program Files\Google\Chrome\Application\chrome.exe"" http://740d07fb.70igro.shop/amagc
PID:2936",FileEvent,Read,2021-10-08 17:15:06.959,48
C:\Users\jpdz\AppData\Local\Google\Chrome\User Data\GrShaderCache\GPUCache\data_1,"""C:\Program Files\Google\Chrome\Application\chrome.exe"" http://740d07fb.70igro.shop/amagc
PID:2936",FileEvent,Read,2021-10-08 17:15:08.233,8704
C:\Windows\Fonts\staticcache.dat,"""C:\Program Files\Google\Chrome\Application\chrome.exe"" http://740d07fb.70igro.shop/amagc
PID:2936",FileEvent,Read,2021-10-08 17:15:06.923,60
C:\Users\jpdz\AppData\Local\Google\Chrome\User Data\pnacl\0.57.44.2492\manifest.fingerprint,"""C:\Program Files\Google\Chrome\Application\chrome.exe"" http://740d07fb.70igro.shop/amagc
PID:2936",FileEvent,Read,2021-10-08 17:15:06.868,8192
C:\Users\jpdz\AppData\Local\Google\Chrome\User Data\GrShaderCache\GPUCache\data_3,"""C:\Program Files\Google\Chrome\Application\chrome.exe"" http://740d07fb.70igro.shop/amagc
PID:2936",FileEvent,Read,2021-10-08 17:15:08.234,8192
"""C:\Program Files\Google\Chrome\Application\chrome.exe"" http://740d07fb.70igro.shop/amagc
PID:2936",C:\Users\jpdz\AppData\Local\Google\Chrome\User Data\Default\Code Cache\js\266eb9a8811f6e07_0,FileEvent,Write,2021-10-08 17:15:09.738,410
C:\Users\jpdz\AppData\Local\Google\Chrome\User Data\Default\Top Sites,"""C:\Program Files\Google\Chrome\Application\chrome.exe"" http://740d07fb.70igro.shop/amagc
PID:2936",FileEvent,Read,2021-10-08 17:15:06.887,12388
C:\Users\jpdz\AppData\Local\Google\Chrome\User Data\Default\Site Characteristics Database\MANIFEST-000001,"""C:\Program Files\Google\Chrome\Application\chrome.exe"" http://740d07fb.70igro.shop/amagc
PID:2936",FileEvent,Read,2021-10-08 17:15:08.170,32768
"""C:\Program Files\Google\Chrome\Application\chrome.exe"" http://740d07fb.70igro.shop/amagc
PID:2936",C:\Users\jpdz\AppData\Local\Google\Chrome\User Data\Default\Sessions\Tabs_13279066406094330,FileEvent,Write,2021-10-08 17:15:10.748,8452
"""C:\Program Files\Google\Chrome\Application\chrome.exe"" http://740d07fb.70igro.shop/amagc
PID:2936",C:\Users\jpdz\AppData\Local\Google\Chrome\User Data\Default\GCM Store\Encryption\LOG.old~RF31493f.TMP,FileEvent,Delete,2021-10-08 17:15:32.675,0
C:\Users\jpdz\AppData\Local\Google\Chrome\User Data\ClientSidePhishing\25.3\manifest.json,"""C:\Program Files\Google\Chrome\Application\chrome.exe"" http://740d07fb.70igro.shop/amagc
PID:2936",FileEvent,Read,2021-10-08 17:15:06.881,8192
C:\Users\jpdz\AppData\Local\Google\Chrome\User Data\Default\Site Characteristics Database\CURRENT,"""C:\Program Files\Google\Chrome\Application\chrome.exe"" http://740d07fb.70igro.shop/amagc
PID:2936",FileEvent,Read,2021-10-08 17:15:08.170,16384
"""C:\Program Files\Google\Chrome\Application\chrome.exe"" http://740d07fb.70igro.shop/amagc
PID:2936",C:\Users\jpdz\AppData\Local\Google\Chrome\User Data\Default\AutofillStrikeDatabase\LOG.old~RF31493f.TMP,FileEvent,Delete,2021-10-08 17:15:32.673,0
"""C:\Program Files\Google\Chrome\Application\chrome.exe"" http://740d07fb.70igro.shop/amagc
PID:2936",C:\Users\jpdz\AppData\Local\Google\Chrome\User Data\Default\Code Cache\js\92f0d78f101f8b75_0,FileEvent,Write,2021-10-08 17:15:09.746,406
C:\Users\jpdz\AppData\Local\Google\Chrome\User Data\Default\Code Cache\wasm\index-dir\the-real-index,"""C:\Program Files\Google\Chrome\Application\chrome.exe"" http://740d07fb.70igro.shop/amagc
PID:2936",FileEvent,Read,2021-10-08 17:15:06.959,48
"""C:\Program Files\Google\Chrome\Application\chrome.exe"" http://740d07fb.70igro.shop/amagc
PID:2936","""C:\Program Files\Google\Chrome\Application\chrome.exe"" --type=gpu-process --field-trial-handle=1044,1296335821838755594,16912037217022600300,131072 --gpu-preferences=UAAAAAAAAADgAAAIAAAAAAAAAAAAAAAAAABgAIAAAAAwAAAAAAAAAAAAAAAAAAAAAAAAAAAAAAAAAAAAAAAAAHgAAAAAAAAAeAAAAAAAAAAoAAAABAAAACAAAAAAAAAAKAAAAAAAAAAwAAAAAAAAADgAAAAAAAAAEAAAAAAAAAAAAAAADQAAABAAAAAAAAAAAQAAAA0AAAAQAAAAAAAAAAQAAAANAAAAEAAAAAAAAAAHAAAADQAAAAgAAAAAAAAACAAAAAAAAAA= --use-gl=angle --use-angle=swiftshader-webgl --mojo-platform-channel-handle=
PID:3084",ProcessEvent,Create,2021-10-08 17:15:08.76,
C:\Users\jpdz\AppData\LocalLow\Microsoft\CryptnetUrlCache\Content\A16C6C16D94F76E0808C087DFC657D99_6E3B293BC75A798BFF07CE90C43DFD32,"""C:\Program Files\Google\Chrome\Application\chrome.exe"" http://740d07fb.70igro.shop/amagc
PID:2936",FileEvent,Read,2021-10-08 17:15:25.287,472
"""C:\Program Files\Google\Chrome\Application\chrome.exe"" http://740d07fb.70igro.shop/amagc
PID:2936",C:\Users\jpdz\AppData\Local\Google\Chrome\User Data\Default\Site Characteristics Database\LOG,FileEvent,Write,2021-10-08 17:15:08.170,535
"""C:\Program Files\Google\Chrome\Application\chrome.exe"" http://740d07fb.70igro.shop/amagc
PID:2936",C:\Users\jpdz\AppData\Local\Google\Chrome\User Data\Default\Preferences~RF30eb9e.TMP,FileEvent,Delete,2021-10-08 17:15:08.624,0
"""C:\Program Files\Google\Chrome\Application\chrome.exe"" http://740d07fb.70igro.shop/amagc
PID:2936",C:\Users\jpdz\AppData\Local\Google\Chrome\User Data\Default\bb9d1c39-c212-463b-91f5-cb291e51b6c7.tmp,FileEvent,Write,2021-10-08 17:15:08.175,7000
"""C:\Program Files\Google\Chrome\Application\chrome.exe"" http://740d07fb.70igro.shop/amagc
PID:2936",C:\Users\jpdz\AppData\Local\Google\Chrome\User Data\Default\Sync Data\LevelDB\LOG.old~RF30e49a.TMP,FileEvent,Delete,2021-10-08 17:15:08.171,0
"""C:\Program Files\Google\Chrome\Application\chrome.exe"" http://740d07fb.70igro.shop/amagc
PID:2936",C:\Users\jpdz\AppData\Local\Google\Chrome\User Data\Default\Visited Links,FileEvent,Write,2021-10-08 17:15:09.90,40
C:\Users\jpdz\AppData\Local\Google\Chrome\User Data\Default\Visited Links,"""C:\Program Files\Google\Chrome\Application\chrome.exe"" http://740d07fb.70igro.shop/amagc
PID:2936",FileEvent,Read,2021-10-08 17:15:06.810,135168
C:\Users\jpdz\AppData\LocalLow\Microsoft\CryptnetUrlCache\Content\24BD96D5497F70B3F510A6B53CD43F3E_3A89246FB90C5EE6620004F1AE0EB0EA,"""C:\Program Files\Google\Chrome\Application\chrome.exe"" http://740d07fb.70igro.shop/amagc
PID:2936",FileEvent,Read,2021-10-08 17:15:08.64,1447
C:\Users\jpdz\AppData\Local\Google\Chrome\User Data\GrShaderCache\GPUCache\index,"""C:\Program Files\Google\Chrome\Application\chrome.exe"" http://740d07fb.70igro.shop/amagc
PID:2936",FileEvent,Read,2021-10-08 17:15:08.233,266608
C:\Program Files\Google\Chrome\Application\94.0.4606.81\WidevineCdm\manifest.json,"""C:\Program Files\Google\Chrome\Application\chrome.exe"" http://740d07fb.70igro.shop/amagc
PID:2936",FileEvent,Read,2021-10-08 17:15:06.859,8192
"""C:\Program Files\Google\Chrome\Application\chrome.exe"" http://740d07fb.70igro.shop/amagc
PID:2936",C:\Users\jpdz\AppData\Local\Google\Chrome\User Data\Default\Code Cache\js\22067e1487247e47_0,FileEvent,Write,2021-10-08 17:15:09.747,418
C:\Users\jpdz\AppData\Local\Google\Chrome\User Data\pnacl\0.57.44.2492\manifest.json,"""C:\Program Files\Google\Chrome\Application\chrome.exe"" http://740d07fb.70igro.shop/amagc
PID:2936",FileEvent,Read,2021-10-08 17:15:06.861,8192
C:\Users\jpdz\AppData\Local\Google\Chrome\User Data\MEIPreload\1.0.6.0\manifest.fingerprint,"""C:\Program Files\Google\Chrome\Application\chrome.exe"" http://740d07fb.70igro.shop/amagc
PID:2936",FileEvent,Read,2021-10-08 17:15:06.874,8192
C:\Users\jpdz\AppData\Local\Google\Chrome\User Data\Floc\1.0.6\manifest.fingerprint,"""C:\Program Files\Google\Chrome\Application\chrome.exe"" http://740d07fb.70igro.shop/amagc
PID:2936",FileEvent,Read,2021-10-08 17:15:06.869,8192
"""C:\Program Files\Google\Chrome\Application\chrome.exe"" http://740d07fb.70igro.shop/amagc
PID:2936","""C:\Program Files\Google\Chrome\Application\chrome.exe"" --type=gpu-process --field-trial-handle=1044,1296335821838755594,16912037217022600300,131072 --gpu-preferences=UAAAAAAAAADgAAAIAAAAAAAAAAAAAAAAAABgAIAAAAAwAAAAAAAAAAAAAAAAAAAAAAAAAAAAAAAAAAAAAAAAAHgAAAAAAAAAeAAAAAAAAAAoAAAABAAAACAAAAAAAAAAKAAAAAAAAAAwAAAAAAAAADgAAAAAAAAAEAAAAAAAAAAAAAAADQAAABAAAAAAAAAAAQAAAA0AAAAQAAAAAAAAAAQAAAANAAAAEAAAAAAAAAAHAAAADQAAAAgAAAAAAAAACAAAAAAAAAA= --mojo-platform-channel-handle=1056 /prefetch:2
PID:3036",ProcessEvent,Create,2021-10-08 17:15:06.805,
C:\Users\jpdz\AppData\Local\Google\Chrome\User Data\Crowd Deny\2021.10.11.1142\manifest.json,"""C:\Program Files\Google\Chrome\Application\chrome.exe"" http://740d07fb.70igro.shop/amagc
PID:2936",FileEvent,Read,2021-10-08 17:15:06.875,8192
"""C:\Program Files\Google\Chrome\Application\chrome.exe"" --type=renderer --disable-client-side-phishing-detection --cross-origin-webassembly-module-sharing-allowed --display-capture-permissions-policy-allowed --field-trial-handle=1044,1296335821838755594,16912037217022600300,131072 --lang=zh-CN --device-scale-factor=1 --num-raster-threads=1 --renderer-client-id=5 --no-v8-untrusted-code-mitigations --mojo-platform-channel-handle=1960 /prefetch:1
PID:3860",C:\Users\jpdz\AppData\Local\Temp\2f0c0aff-ec5a-4496-bb43-fe069b6896ea.tmp,FileEvent,Write,2021-10-08 17:15:17.741,84422
C:\Windows\Prefetch\CHROME.EXE-5A1054AF.pf,"""C:\Program Files\Google\Chrome\Application\chrome.exe"" --type=renderer --disable-client-side-phishing-detection --cross-origin-webassembly-module-sharing-allowed --display-capture-permissions-policy-allowed --field-trial-handle=1044,1296335821838755594,16912037217022600300,131072 --lang=zh-CN --device-scale-factor=1 --num-raster-threads=1 --renderer-client-id=5 --no-v8-untrusted-code-mitigations --mojo-platform-channel-handle=1960 /prefetch:1
PID:3860",FileEvent,Read,2021-10-08 17:15:06.960,19168
C:\Program Files\Google\Chrome\Application\94.0.4606.81\chrome.dll,"""C:\Program Files\Google\Chrome\Application\chrome.exe"" --type=renderer --disable-client-side-phishing-detection --cross-origin-webassembly-module-sharing-allowed --display-capture-permissions-policy-allowed --field-trial-handle=1044,1296335821838755594,16912037217022600300,131072 --lang=zh-CN --device-scale-factor=1 --num-raster-threads=1 --renderer-client-id=5 --no-v8-untrusted-code-mitigations --mojo-platform-channel-handle=1960 /prefetch:1
PID:3860",FileEvent,Read,2021-10-08 17:15:06.993,150994944
C:\Users\jpdz\AppData\Local\Google\Chrome\User Data\Crashpad\settings.dat,"""C:\Program Files\Google\Chrome\Application\chrome.exe"" --type=crashpad-handler ""--user-data-dir=C:\Users\jpdz\AppData\Local\Google\Chrome\User Data"" /prefetch:7 --monitor-self-annotation=ptype=crashpad-handler ""--database=C:\Users\jpdz\AppData\Local\Google\Chrome\User Data\Crashpad"" --url=https://clients2.google.com/cr/report --annotation=channel= --annotation=plat=Win32 --annotation=prod=Chrome --annotation=ver=94.0.4606.81 --initial-client-data=0xa0,0xac,0xb0,0x74,0xb4,0x6eb63708,0x6eb63718,0x6eb63724
PID:3184",FileEvent,Read,2021-10-08 17:15:06.719,40
C:\Users\jpdz\AppData\Local\Google\Chrome\User Data\Crashpad\settings.dat,"""C:\Program Files\Google\Chrome\Application\chrome.exe"" --type=crashpad-handler ""--user-data-dir=C:\Users\jpdz\AppData\Local\Google\Chrome\User Data"" /prefetch:7 --monitor-self-annotation=ptype=crashpad-handler ""--database=C:\Users\jpdz\AppData\Local\Google\Chrome\User Data\Crashpad"" --url=https://clients2.google.com/cr/report --annotation=channel= --annotation=plat=Win32 --annotation=prod=Chrome --annotation=ver=94.0.4606.81 --initial-client-data=0xa0,0xac,0xb0,0x74,0xb4,0x6eb63708,0x6eb63718,0x6eb63724
PID:3184",FileEvent,Read,2021-10-08 17:15:07.578,40
C:\Users\jpdz\AppData\Local\Google\Chrome\User Data\Crashpad\settings.dat,"""C:\Program Files\Google\Chrome\Application\chrome.exe"" --type=crashpad-handler ""--user-data-dir=C:\Users\jpdz\AppData\Local\Google\Chrome\User Data"" /prefetch:7 --monitor-self-annotation=ptype=crashpad-handler ""--database=C:\Users\jpdz\AppData\Local\Google\Chrome\User Data\Crashpad"" --url=https://clients2.google.com/cr/report --annotation=channel= --annotation=plat=Win32 --annotation=prod=Chrome --annotation=ver=94.0.4606.81 --initial-client-data=0xa0,0xac,0xb0,0x74,0xb4,0x6eb63708,0x6eb63718,0x6eb63724
PID:3184",FileEvent,Read,2021-10-08 17:15:07.840,40
C:\Users\jpdz\AppData\Local\Google\Chrome\User Data\Crashpad\settings.dat,"""C:\Program Files\Google\Chrome\Application\chrome.exe"" --type=crashpad-handler ""--user-data-dir=C:\Users\jpdz\AppData\Local\Google\Chrome\User Data"" /prefetch:7 --monitor-self-annotation=ptype=crashpad-handler ""--database=C:\Users\jpdz\AppData\Local\Google\Chrome\User Data\Crashpad"" --url=https://clients2.google.com/cr/report --annotation=channel= --annotation=plat=Win32 --annotation=prod=Chrome --annotation=ver=94.0.4606.81 --initial-client-data=0xa0,0xac,0xb0,0x74,0xb4,0x6eb63708,0x6eb63718,0x6eb63724
PID:3184",FileEvent,Read,2021-10-08 17:15:07.130,40
C:\Windows\Prefetch\CHROME.EXE-5A1054AF.pf,"""C:\Program Files\Google\Chrome\Application\chrome.exe"" --type=crashpad-handler ""--user-data-dir=C:\Users\jpdz\AppData\Local\Google\Chrome\User Data"" /prefetch:7 --monitor-self-annotation=ptype=crashpad-handler ""--database=C:\Users\jpdz\AppData\Local\Google\Chrome\User Data\Crashpad"" --url=https://clients2.google.com/cr/report --annotation=channel= --annotation=plat=Win32 --annotation=prod=Chrome --annotation=ver=94.0.4606.81 --initial-client-data=0xa0,0xac,0xb0,0x74,0xb4,0x6eb63708,0x6eb63718,0x6eb63724
PID:3184",FileEvent,Read,2021-10-08 17:15:06.713,18170
C:\Windows\Prefetch\CHROME.EXE-5A1054AF.pf,"""C:\Program Files\Google\Chrome\Application\chrome.exe"" --type=crashpad-handler ""--user-data-dir=C:\Users\jpdz\AppData\Local\Google\Chrome\User Data"" /prefetch:7 --monitor-self-annotation=ptype=crashpad-handler ""--database=C:\Users\jpdz\AppData\Local\Google\Chrome\User Data\Crashpad"" --url=https://clients2.google.com/cr/report --annotation=channel= --annotation=plat=Win32 --annotation=prod=Chrome --annotation=ver=94.0.4606.81 --initial-client-data=0xa0,0xac,0xb0,0x74,0xb4,0x6eb63708,0x6eb63718,0x6eb63724
PID:3184",FileEvent,Read,2021-10-08 17:15:07.573,18170
C:\Windows\Prefetch\CHROME.EXE-5A1054AF.pf,"""C:\Program Files\Google\Chrome\Application\chrome.exe"" --type=crashpad-handler ""--user-data-dir=C:\Users\jpdz\AppData\Local\Google\Chrome\User Data"" /prefetch:7 --monitor-self-annotation=ptype=crashpad-handler ""--database=C:\Users\jpdz\AppData\Local\Google\Chrome\User Data\Crashpad"" --url=https://clients2.google.com/cr/report --annotation=channel= --annotation=plat=Win32 --annotation=prod=Chrome --annotation=ver=94.0.4606.81 --initial-client-data=0xa0,0xac,0xb0,0x74,0xb4,0x6eb63708,0x6eb63718,0x6eb63724
PID:3184",FileEvent,Read,2021-10-08 17:15:07.832,18170
C:\Windows\Prefetch\CHROME.EXE-5A1054AF.pf,"""C:\Program Files\Google\Chrome\Application\chrome.exe"" --type=crashpad-handler ""--user-data-dir=C:\Users\jpdz\AppData\Local\Google\Chrome\User Data"" /prefetch:7 --monitor-self-annotation=ptype=crashpad-handler ""--database=C:\Users\jpdz\AppData\Local\Google\Chrome\User Data\Crashpad"" --url=https://clients2.google.com/cr/report --annotation=channel= --annotation=plat=Win32 --annotation=prod=Chrome --annotation=ver=94.0.4606.81 --initial-client-data=0xa0,0xac,0xb0,0x74,0xb4,0x6eb63708,0x6eb63718,0x6eb63724
PID:3184",FileEvent,Read,2021-10-08 17:15:07.122,18170
"""C:\Program Files\Google\Chrome\Application\chrome.exe"" --type=utility --utility-sub-type=network.mojom.NetworkService --field-trial-handle=1044,1296335821838755594,16912037217022600300,131072 --lang=zh-CN --service-sandbox-type=none --mojo-platform-channel-handle=1308 /prefetch:8
PID:2108",C:\Users\jpdz\AppData\Local\Google\Chrome\User Data\Default\Cache\data_1,FileEvent,Write,2021-10-08 17:15:08.178,53219
C:\Users\jpdz\AppData\Local\Google\Chrome\User Data\Default\Cache\data_1,"""C:\Program Files\Google\Chrome\Application\chrome.exe"" --type=utility --utility-sub-type=network.mojom.NetworkService --field-trial-handle=1044,1296335821838755594,16912037217022600300,131072 --lang=zh-CN --service-sandbox-type=none --mojo-platform-channel-handle=1308 /prefetch:8
PID:2108",FileEvent,Read,2021-10-08 17:15:08.161,8704
"""C:\Program Files\Google\Chrome\Application\chrome.exe"" --type=utility --utility-sub-type=network.mojom.NetworkService --field-trial-handle=1044,1296335821838755594,16912037217022600300,131072 --lang=zh-CN --service-sandbox-type=none --mojo-platform-channel-handle=1308 /prefetch:8
PID:2108",C:\Users\jpdz\AppData\Local\Google\Chrome\User Data\Default\Cache\f_000073,FileEvent,Write,2021-10-08 17:15:09.730,35125
"""C:\Program Files\Google\Chrome\Application\chrome.exe"" --type=utility --utility-sub-type=network.mojom.NetworkService --field-trial-handle=1044,1296335821838755594,16912037217022600300,131072 --lang=zh-CN --service-sandbox-type=none --mojo-platform-channel-handle=1308 /prefetch:8
PID:2108",C:\Users\jpdz\AppData\Local\Google\Chrome\User Data\Default\Cache\f_000071,FileEvent,Write,2021-10-08 17:15:09.603,21683
"""C:\Program Files\Google\Chrome\Application\chrome.exe"" --type=utility --utility-sub-type=network.mojom.NetworkService --field-trial-handle=1044,1296335821838755594,16912037217022600300,131072 --lang=zh-CN --service-sandbox-type=none --mojo-platform-channel-handle=1308 /prefetch:8
PID:2108",203.208.41.73,IpChannelEvent,TcpIpConnect,2021-10-08 17:15:25.212,0
"""C:\Program Files\Google\Chrome\Application\chrome.exe"" --type=utility --utility-sub-type=network.mojom.NetworkService --field-trial-handle=1044,1296335821838755594,16912037217022600300,131072 --lang=zh-CN --service-sandbox-type=none --mojo-platform-channel-handle=1308 /prefetch:8
PID:2108",203.208.41.73,IpChannelEvent,TcpIpSend,2021-10-08 17:15:25.212,1120
203.208.41.73,"""C:\Program Files\Google\Chrome\Application\chrome.exe"" --type=utility --utility-sub-type=network.mojom.NetworkService --field-trial-handle=1044,1296335821838755594,16912037217022600300,131072 --lang=zh-CN --service-sandbox-type=none --mojo-platform-channel-handle=1308 /prefetch:8
PID:2108",IpChannelEvent,TcpIpRecv,2021-10-08 17:15:25.282,55933
C:\Users\jpdz\AppData\Local\Google\Chrome\User Data\Default\Network Persistent State,"""C:\Program Files\Google\Chrome\Application\chrome.exe"" --type=utility --utility-sub-type=network.mojom.NetworkService --field-trial-handle=1044,1296335821838755594,16912037217022600300,131072 --lang=zh-CN --service-sandbox-type=none --mojo-platform-channel-handle=1308 /prefetch:8
PID:2108",FileEvent,Read,2021-10-08 17:15:08.163,8192
"""C:\Program Files\Google\Chrome\Application\chrome.exe"" --type=utility --utility-sub-type=network.mojom.NetworkService --field-trial-handle=1044,1296335821838755594,16912037217022600300,131072 --lang=zh-CN --service-sandbox-type=none --mojo-platform-channel-handle=1308 /prefetch:8
PID:2108",172.67.222.175,IpChannelEvent,TcpIpConnect,2021-10-08 17:15:07.336,0
172.67.222.175,"""C:\Program Files\Google\Chrome\Application\chrome.exe"" --type=utility --utility-sub-type=network.mojom.NetworkService --field-trial-handle=1044,1296335821838755594,16912037217022600300,131072 --lang=zh-CN --service-sandbox-type=none --mojo-platform-channel-handle=1308 /prefetch:8
PID:2108",IpChannelEvent,TcpIpRecv,2021-10-08 17:15:08.715,53901
"""C:\Program Files\Google\Chrome\Application\chrome.exe"" --type=utility --utility-sub-type=network.mojom.NetworkService --field-trial-handle=1044,1296335821838755594,16912037217022600300,131072 --lang=zh-CN --service-sandbox-type=none --mojo-platform-channel-handle=1308 /prefetch:8
PID:2108",172.67.222.175,IpChannelEvent,TcpIpSend,2021-10-08 17:15:08.179,2452
"""C:\Program Files\Google\Chrome\Application\chrome.exe"" --type=utility --utility-sub-type=network.mojom.NetworkService --field-trial-handle=1044,1296335821838755594,16912037217022600300,131072 --lang=zh-CN --service-sandbox-type=none --mojo-platform-channel-handle=1308 /prefetch:8
PID:2108",C:\Users\jpdz\AppData\Local\Google\Chrome\User Data\Default\Cache\f_000072,FileEvent,Write,2021-10-08 17:15:09.719,27964
"""C:\Program Files\Google\Chrome\Application\chrome.exe"" --type=utility --utility-sub-type=network.mojom.NetworkService --field-trial-handle=1044,1296335821838755594,16912037217022600300,131072 --lang=zh-CN --service-sandbox-type=none --mojo-platform-channel-handle=1308 /prefetch:8
PID:2108",C:\Users\jpdz\AppData\Local\Google\Chrome\User Data\Default\Cache\f_000074,FileEvent,Write,2021-10-08 17:15:10.514,18829
C:\Windows\system32\drivers\etc\hosts,"""C:\Program Files\Google\Chrome\Application\chrome.exe"" --type=utility --utility-sub-type=network.mojom.NetworkService --field-trial-handle=1044,1296335821838755594,16912037217022600300,131072 --lang=zh-CN --service-sandbox-type=none --mojo-platform-channel-handle=1308 /prefetch:8
PID:2108",FileEvent,Read,2021-10-08 17:15:06.985,8192
"""C:\Program Files\Google\Chrome\Application\chrome.exe"" --type=utility --utility-sub-type=network.mojom.NetworkService --field-trial-handle=1044,1296335821838755594,16912037217022600300,131072 --lang=zh-CN --service-sandbox-type=none --mojo-platform-channel-handle=1308 /prefetch:8
PID:2108",C:\Users\jpdz\AppData\Local\Google\Chrome\User Data\Default\Cache\f_000076,FileEvent,Write,2021-10-08 17:15:25.418,49357
"""C:\Program Files\Google\Chrome\Application\chrome.exe"" --type=utility --utility-sub-type=network.mojom.NetworkService --field-trial-handle=1044,1296335821838755594,16912037217022600300,131072 --lang=zh-CN --service-sandbox-type=none --mojo-platform-channel-handle=1308 /prefetch:8
PID:2108",C:\Users\jpdz\AppData\Local\Google\Chrome\User Data\Default\TransportSecurity~RF315787.TMP,FileEvent,Delete,2021-10-08 17:15:36.252,0
C:\Windows\Prefetch\CHROME.EXE-5A1054AF.pf,"""C:\Program Files\Google\Chrome\Application\chrome.exe"" --type=utility --utility-sub-type=network.mojom.NetworkService --field-trial-handle=1044,1296335821838755594,16912037217022600300,131072 --lang=zh-CN --service-sandbox-type=none --mojo-platform-channel-handle=1308 /prefetch:8
PID:2108",FileEvent,Read,2021-10-08 17:15:06.807,19168
"""C:\Program Files\Google\Chrome\Application\chrome.exe"" --type=utility --utility-sub-type=network.mojom.NetworkService --field-trial-handle=1044,1296335821838755594,16912037217022600300,131072 --lang=zh-CN --service-sandbox-type=none --mojo-platform-channel-handle=1308 /prefetch:8
PID:2108",172.67.222.175,IpChannelEvent,TcpIpConnect,2021-10-08 17:15:07.339,0
172.67.222.175,"""C:\Program Files\Google\Chrome\Application\chrome.exe"" --type=utility --utility-sub-type=network.mojom.NetworkService --field-trial-handle=1044,1296335821838755594,16912037217022600300,131072 --lang=zh-CN --service-sandbox-type=none --mojo-platform-channel-handle=1308 /prefetch:8
PID:2108",IpChannelEvent,TcpIpRecv,2021-10-08 17:15:09.481,58543
"""C:\Program Files\Google\Chrome\Application\chrome.exe"" --type=utility --utility-sub-type=network.mojom.NetworkService --field-trial-handle=1044,1296335821838755594,16912037217022600300,131072 --lang=zh-CN --service-sandbox-type=none --mojo-platform-channel-handle=1308 /prefetch:8
PID:2108",172.67.222.175,IpChannelEvent,TcpIpSend,2021-10-08 17:15:09.96,1501
C:\Users\jpdz\AppData\Local\Google\Chrome\User Data\Default\Trust Tokens,"""C:\Program Files\Google\Chrome\Application\chrome.exe"" --type=utility --utility-sub-type=network.mojom.NetworkService --field-trial-handle=1044,1296335821838755594,16912037217022600300,131072 --lang=zh-CN --service-sandbox-type=none --mojo-platform-channel-handle=1308 /prefetch:8
PID:2108",FileEvent,Read,2021-10-08 17:15:08.176,2101348
C:\Users\jpdz\AppData\Local\Google\Chrome\User Data\Default\Cookies,"""C:\Program Files\Google\Chrome\Application\chrome.exe"" --type=utility --utility-sub-type=network.mojom.NetworkService --field-trial-handle=1044,1296335821838755594,16912037217022600300,131072 --lang=zh-CN --service-sandbox-type=none --mojo-platform-channel-handle=1308 /prefetch:8
PID:2108",FileEvent,Read,2021-10-08 17:15:08.164,2109604
"""C:\Program Files\Google\Chrome\Application\chrome.exe"" --type=utility --utility-sub-type=network.mojom.NetworkService --field-trial-handle=1044,1296335821838755594,16912037217022600300,131072 --lang=zh-CN --service-sandbox-type=none --mojo-platform-channel-handle=1308 /prefetch:8
PID:2108",172.67.222.175,IpChannelEvent,TcpIpConnect,2021-10-08 17:15:09.307,0
172.67.222.175,"""C:\Program Files\Google\Chrome\Application\chrome.exe"" --type=utility --utility-sub-type=network.mojom.NetworkService --field-trial-handle=1044,1296335821838755594,16912037217022600300,131072 --lang=zh-CN --service-sandbox-type=none --mojo-platform-channel-handle=1308 /prefetch:8
PID:2108",IpChannelEvent,TcpIpRecv,2021-10-08 17:15:09.591,34131
"""C:\Program Files\Google\Chrome\Application\chrome.exe"" --type=utility --utility-sub-type=network.mojom.NetworkService --field-trial-handle=1044,1296335821838755594,16912037217022600300,131072 --lang=zh-CN --service-sandbox-type=none --mojo-platform-channel-handle=1308 /prefetch:8
PID:2108",172.67.222.175,IpChannelEvent,TcpIpSend,2021-10-08 17:15:09.308,1496
"""C:\Program Files\Google\Chrome\Application\chrome.exe"" --type=utility --utility-sub-type=network.mojom.NetworkService --field-trial-handle=1044,1296335821838755594,16912037217022600300,131072 --lang=zh-CN --service-sandbox-type=none --mojo-platform-channel-handle=1308 /prefetch:8
PID:2108",C:\Users\jpdz\AppData\Local\Google\Chrome\User Data\Default\Network Persistent State~RF3111b4.TMP,FileEvent,Delete,2021-10-08 17:15:18.420,0
C:\Users\jpdz\AppData\Local\Google\Chrome\User Data\Default\Cache\index,"""C:\Program Files\Google\Chrome\Application\chrome.exe"" --type=utility --utility-sub-type=network.mojom.NetworkService --field-trial-handle=1044,1296335821838755594,16912037217022600300,131072 --lang=zh-CN --service-sandbox-type=none --mojo-platform-channel-handle=1308 /prefetch:8
PID:2108",FileEvent,Read,2021-10-08 17:15:08.160,266608
C:\Program Files\Google\Chrome\Application\94.0.4606.81\chrome.dll,"""C:\Program Files\Google\Chrome\Application\chrome.exe"" --type=utility --utility-sub-type=network.mojom.NetworkService --field-trial-handle=1044,1296335821838755594,16912037217022600300,131072 --lang=zh-CN --service-sandbox-type=none --mojo-platform-channel-handle=1308 /prefetch:8
PID:2108",FileEvent,Read,2021-10-08 17:15:06.814,150994944
"""C:\Program Files\Google\Chrome\Application\chrome.exe"" --type=utility --utility-sub-type=network.mojom.NetworkService --field-trial-handle=1044,1296335821838755594,16912037217022600300,131072 --lang=zh-CN --service-sandbox-type=none --mojo-platform-channel-handle=1308 /prefetch:8
PID:2108",172.67.222.175,IpChannelEvent,TcpIpConnect,2021-10-08 17:15:09.302,0
"""C:\Program Files\Google\Chrome\Application\chrome.exe"" --type=utility --utility-sub-type=network.mojom.NetworkService --field-trial-handle=1044,1296335821838755594,16912037217022600300,131072 --lang=zh-CN --service-sandbox-type=none --mojo-platform-channel-handle=1308 /prefetch:8
PID:2108",172.67.222.175,IpChannelEvent,TcpIpSend,2021-10-08 17:15:09.303,1499
172.67.222.175,"""C:\Program Files\Google\Chrome\Application\chrome.exe"" --type=utility --utility-sub-type=network.mojom.NetworkService --field-trial-handle=1044,1296335821838755594,16912037217022600300,131072 --lang=zh-CN --service-sandbox-type=none --mojo-platform-channel-handle=1308 /prefetch:8
PID:2108",IpChannelEvent,TcpIpRecv,2021-10-08 17:15:09.601,47969
"""C:\Program Files\Google\Chrome\Application\chrome.exe"" --type=utility --utility-sub-type=network.mojom.NetworkService --field-trial-handle=1044,1296335821838755594,16912037217022600300,131072 --lang=zh-CN --service-sandbox-type=none --mojo-platform-channel-handle=1308 /prefetch:8
PID:2108",C:\Users\jpdz\AppData\Local\Google\Chrome\User Data\Default\Cache\data_0,FileEvent,Write,2021-10-08 17:15:08.178,12672
C:\Users\jpdz\AppData\Local\Google\Chrome\User Data\Default\Cache\data_0,"""C:\Program Files\Google\Chrome\Application\chrome.exe"" --type=utility --utility-sub-type=network.mojom.NetworkService --field-trial-handle=1044,1296335821838755594,16912037217022600300,131072 --lang=zh-CN --service-sandbox-type=none --mojo-platform-channel-handle=1308 /prefetch:8
PID:2108",FileEvent,Read,2021-10-08 17:15:08.160,59440
"""C:\Program Files\Google\Chrome\Application\chrome.exe"" --type=utility --utility-sub-type=network.mojom.NetworkService --field-trial-handle=1044,1296335821838755594,16912037217022600300,131072 --lang=zh-CN --service-sandbox-type=none --mojo-platform-channel-handle=1308 /prefetch:8
PID:2108",C:\Users\jpdz\AppData\Local\Google\Chrome\User Data\Default\Cache\f_000075,FileEvent,Write,2021-10-08 17:15:25.160,16828
C:\Users\jpdz\AppData\Local\Google\Chrome\User Data\Default\Reporting and NEL,"""C:\Program Files\Google\Chrome\Application\chrome.exe"" --type=utility --utility-sub-type=network.mojom.NetworkService --field-trial-handle=1044,1296335821838755594,16912037217022600300,131072 --lang=zh-CN --service-sandbox-type=none --mojo-platform-channel-handle=1308 /prefetch:8
PID:2108",FileEvent,Read,2021-10-08 17:15:25.213,2109604
C:\Users\jpdz\AppData\Local\Google\Chrome\User Data\Default\Cache\data_3,"""C:\Program Files\Google\Chrome\Application\chrome.exe"" --type=utility --utility-sub-type=network.mojom.NetworkService --field-trial-handle=1044,1296335821838755594,16912037217022600300,131072 --lang=zh-CN --service-sandbox-type=none --mojo-platform-channel-handle=1308 /prefetch:8
PID:2108",FileEvent,Read,2021-10-08 17:15:08.161,8192
"""C:\Program Files\Google\Chrome\Application\chrome.exe"" --type=utility --utility-sub-type=network.mojom.NetworkService --field-trial-handle=1044,1296335821838755594,16912037217022600300,131072 --lang=zh-CN --service-sandbox-type=none --mojo-platform-channel-handle=1308 /prefetch:8
PID:2108",C:\Users\jpdz\AppData\Local\Google\Chrome\User Data\Default\Cache\data_3,FileEvent,Write,2021-10-08 17:15:09.83,60352
"""C:\Program Files\Google\Chrome\Application\chrome.exe"" --type=utility --utility-sub-type=network.mojom.NetworkService --field-trial-handle=1044,1296335821838755594,16912037217022600300,131072 --lang=zh-CN --service-sandbox-type=none --mojo-platform-channel-handle=1308 /prefetch:8
PID:2108",C:\Users\jpdz\AppData\Local\Google\Chrome\User Data\Default\Cache\f_000070,FileEvent,Write,2021-10-08 17:15:09.493,18022
"""C:\Program Files\Google\Chrome\Application\chrome.exe"" --type=utility --utility-sub-type=network.mojom.NetworkService --field-trial-handle=1044,1296335821838755594,16912037217022600300,131072 --lang=zh-CN --service-sandbox-type=none --mojo-platform-channel-handle=1308 /prefetch:8
PID:2108",203.208.41.66,IpChannelEvent,TcpIpConnect,2021-10-08 17:15:07.104,0
203.208.41.66,"""C:\Program Files\Google\Chrome\Application\chrome.exe"" --type=utility --utility-sub-type=network.mojom.NetworkService --field-trial-handle=1044,1296335821838755594,16912037217022600300,131072 --lang=zh-CN --service-sandbox-type=none --mojo-platform-channel-handle=1308 /prefetch:8
PID:2108",IpChannelEvent,TcpIpRecv,2021-10-08 17:15:07.174,7822
"""C:\Program Files\Google\Chrome\Application\chrome.exe"" --type=utility --utility-sub-type=network.mojom.NetworkService --field-trial-handle=1044,1296335821838755594,16912037217022600300,131072 --lang=zh-CN --service-sandbox-type=none --mojo-platform-channel-handle=1308 /prefetch:8
PID:2108",203.208.41.66,IpChannelEvent,TcpIpSend,2021-10-08 17:15:07.104,1040
"""C:\Program Files\Google\Chrome\Application\chrome.exe"" --type=utility --utility-sub-type=network.mojom.NetworkService --field-trial-handle=1044,1296335821838755594,16912037217022600300,131072 --lang=zh-CN --service-sandbox-type=none --mojo-platform-channel-handle=1308 /prefetch:8
PID:2108",182.61.200.166,IpChannelEvent,TcpIpConnect,2021-10-08 17:15:25.186,0
"""C:\Program Files\Google\Chrome\Application\chrome.exe"" --type=utility --utility-sub-type=network.mojom.NetworkService --field-trial-handle=1044,1296335821838755594,16912037217022600300,131072 --lang=zh-CN --service-sandbox-type=none --mojo-platform-channel-handle=1308 /prefetch:8
PID:2108",182.61.200.166,IpChannelEvent,TcpIpSend,2021-10-08 17:15:25.187,2122
182.61.200.166,"""C:\Program Files\Google\Chrome\Application\chrome.exe"" --type=utility --utility-sub-type=network.mojom.NetworkService --field-trial-handle=1044,1296335821838755594,16912037217022600300,131072 --lang=zh-CN --service-sandbox-type=none --mojo-platform-channel-handle=1308 /prefetch:8
PID:2108",IpChannelEvent,TcpIpRecv,2021-10-08 17:15:25.191,19600
"""C:\Program Files\Google\Chrome\Application\chrome.exe"" --type=utility --utility-sub-type=network.mojom.NetworkService --field-trial-handle=1044,1296335821838755594,16912037217022600300,131072 --lang=zh-CN --service-sandbox-type=none --mojo-platform-channel-handle=1308 /prefetch:8
PID:2108",203.208.41.97,IpChannelEvent,TcpIpConnect,2021-10-08 17:15:09.878,0
203.208.41.97,"""C:\Program Files\Google\Chrome\Application\chrome.exe"" --type=utility --utility-sub-type=network.mojom.NetworkService --field-trial-handle=1044,1296335821838755594,16912037217022600300,131072 --lang=zh-CN --service-sandbox-type=none --mojo-platform-channel-handle=1308 /prefetch:8
PID:2108",IpChannelEvent,TcpIpRecv,2021-10-08 17:15:09.951,7440
"""C:\Program Files\Google\Chrome\Application\chrome.exe"" --type=utility --utility-sub-type=network.mojom.NetworkService --field-trial-handle=1044,1296335821838755594,16912037217022600300,131072 --lang=zh-CN --service-sandbox-type=none --mojo-platform-channel-handle=1308 /prefetch:8
PID:2108",203.208.41.97,IpChannelEvent,TcpIpSend,2021-10-08 17:15:09.879,1011
"""C:\Program Files\Google\Chrome\Application\chrome.exe"" --type=utility --utility-sub-type=network.mojom.NetworkService --field-trial-handle=1044,1296335821838755594,16912037217022600300,131072 --lang=zh-CN --service-sandbox-type=none --mojo-platform-channel-handle=1308 /prefetch:8
PID:2108",172.67.222.175,IpChannelEvent,TcpIpConnect,2021-10-08 17:15:10.44,0
172.67.222.175,"""C:\Program Files\Google\Chrome\Application\chrome.exe"" --type=utility --utility-sub-type=network.mojom.NetworkService --field-trial-handle=1044,1296335821838755594,16912037217022600300,131072 --lang=zh-CN --service-sandbox-type=none --mojo-platform-channel-handle=1308 /prefetch:8
PID:2108",IpChannelEvent,TcpIpRecv,2021-10-08 17:15:10.346,3329
"""C:\Program Files\Google\Chrome\Application\chrome.exe"" --type=utility --utility-sub-type=network.mojom.NetworkService --field-trial-handle=1044,1296335821838755594,16912037217022600300,131072 --lang=zh-CN --service-sandbox-type=none --mojo-platform-channel-handle=1308 /prefetch:8
PID:2108",172.67.222.175,IpChannelEvent,TcpIpSend,2021-10-08 17:15:10.45,768
"""C:\Program Files\Google\Chrome\Application\chrome.exe"" --type=utility --utility-sub-type=network.mojom.NetworkService --field-trial-handle=1044,1296335821838755594,16912037217022600300,131072 --lang=zh-CN --service-sandbox-type=none --mojo-platform-channel-handle=1308 /prefetch:8
PID:2108",203.208.41.33,IpChannelEvent,TcpIpConnect,2021-10-08 17:15:30.775,0
203.208.41.33,"""C:\Program Files\Google\Chrome\Application\chrome.exe"" --type=utility --utility-sub-type=network.mojom.NetworkService --field-trial-handle=1044,1296335821838755594,16912037217022600300,131072 --lang=zh-CN --service-sandbox-type=none --mojo-platform-channel-handle=1308 /prefetch:8
PID:2108",IpChannelEvent,TcpIpRecv,2021-10-08 17:15:30.845,5643
"""C:\Program Files\Google\Chrome\Application\chrome.exe"" --type=utility --utility-sub-type=network.mojom.NetworkService --field-trial-handle=1044,1296335821838755594,16912037217022600300,131072 --lang=zh-CN --service-sandbox-type=none --mojo-platform-channel-handle=1308 /prefetch:8
PID:2108",203.208.41.33,IpChannelEvent,TcpIpSend,2021-10-08 17:15:30.776,1345
"""C:\Program Files\Google\Chrome\Application\chrome.exe"" --type=utility --utility-sub-type=network.mojom.NetworkService --field-trial-handle=1044,1296335821838755594,16912037217022600300,131072 --lang=zh-CN --service-sandbox-type=none --mojo-platform-channel-handle=1308 /prefetch:8
PID:2108",C:\Users\jpdz\AppData\Local\Google\Chrome\User Data\Default\04643e1a-9e2e-4e39-93ec-cf14033507c6.tmp,FileEvent,Write,2021-10-08 17:15:18.192,4207
C:\Users\jpdz\AppData\Local\Google\Chrome\User Data\Default\TransportSecurity,"""C:\Program Files\Google\Chrome\Application\chrome.exe"" --type=utility --utility-sub-type=network.mojom.NetworkService --field-trial-handle=1044,1296335821838755594,16912037217022600300,131072 --lang=zh-CN --service-sandbox-type=none --mojo-platform-channel-handle=1308 /prefetch:8
PID:2108",FileEvent,Read,2021-10-08 17:15:08.159,8192
"""C:\Program Files\Google\Chrome\Application\chrome.exe"" --type=utility --utility-sub-type=network.mojom.NetworkService --field-trial-handle=1044,1296335821838755594,16912037217022600300,131072 --lang=zh-CN --service-sandbox-type=none --mojo-platform-channel-handle=1308 /prefetch:8
PID:2108",172.67.222.175,IpChannelEvent,TcpIpConnect,2021-10-08 17:15:10.36,0
172.67.222.175,"""C:\Program Files\Google\Chrome\Application\chrome.exe"" --type=utility --utility-sub-type=network.mojom.NetworkService --field-trial-handle=1044,1296335821838755594,16912037217022600300,131072 --lang=zh-CN --service-sandbox-type=none --mojo-platform-channel-handle=1308 /prefetch:8
PID:2108",IpChannelEvent,TcpIpRecv,2021-10-08 17:15:10.398,9750
"""C:\Program Files\Google\Chrome\Application\chrome.exe"" --type=utility --utility-sub-type=network.mojom.NetworkService --field-trial-handle=1044,1296335821838755594,16912037217022600300,131072 --lang=zh-CN --service-sandbox-type=none --mojo-platform-channel-handle=1308 /prefetch:8
PID:2108",172.67.222.175,IpChannelEvent,TcpIpSend,2021-10-08 17:15:10.37,1147
"""C:\Program Files\Google\Chrome\Application\chrome.exe"" --type=utility --utility-sub-type=network.mojom.NetworkService --field-trial-handle=1044,1296335821838755594,16912037217022600300,131072 --lang=zh-CN --service-sandbox-type=none --mojo-platform-channel-handle=1308 /prefetch:8
PID:2108",C:\Users\jpdz\AppData\Local\Google\Chrome\User Data\Default\Cache\data_2,FileEvent,Write,2021-10-08 17:15:10.138,39752
C:\Users\jpdz\AppData\Local\Google\Chrome\User Data\Default\Cache\data_2,"""C:\Program Files\Google\Chrome\Application\chrome.exe"" --type=utility --utility-sub-type=network.mojom.NetworkService --field-trial-handle=1044,1296335821838755594,16912037217022600300,131072 --lang=zh-CN --service-sandbox-type=none --mojo-platform-channel-handle=1308 /prefetch:8
PID:2108",FileEvent,Read,2021-10-08 17:15:08.161,8192
C:\Users\jpdz\AppData\Local\Google\Chrome\User Data\Default\Session Storage\CURRENT,"""C:\Program Files\Google\Chrome\Application\chrome.exe"" --type=utility --utility-sub-type=storage.mojom.StorageService --field-trial-handle=1044,1296335821838755594,16912037217022600300,131072 --lang=zh-CN --service-sandbox-type=utility --mojo-platform-channel-handle=1508 /prefetch:8
PID:3332",FileEvent,Read,2021-10-08 17:15:08.183,16384
"""C:\Program Files\Google\Chrome\Application\chrome.exe"" --type=utility --utility-sub-type=storage.mojom.StorageService --field-trial-handle=1044,1296335821838755594,16912037217022600300,131072 --lang=zh-CN --service-sandbox-type=utility --mojo-platform-channel-handle=1508 /prefetch:8
PID:3332",C:\Users\jpdz\AppData\Local\Google\Chrome\User Data\Default\Local Storage\leveldb\LOG,FileEvent,Write,2021-10-08 17:15:08.176,511
C:\Users\jpdz\AppData\Local\Google\Chrome\User Data\Default\Local Storage\leveldb\MANIFEST-000001,"""C:\Program Files\Google\Chrome\Application\chrome.exe"" --type=utility --utility-sub-type=storage.mojom.StorageService --field-trial-handle=1044,1296335821838755594,16912037217022600300,131072 --lang=zh-CN --service-sandbox-type=utility --mojo-platform-channel-handle=1508 /prefetch:8
PID:3332",FileEvent,Read,2021-10-08 17:15:08.176,32768
C:\Windows\Prefetch\CHROME.EXE-5A1054AF.pf,"""C:\Program Files\Google\Chrome\Application\chrome.exe"" --type=utility --utility-sub-type=storage.mojom.StorageService --field-trial-handle=1044,1296335821838755594,16912037217022600300,131072 --lang=zh-CN --service-sandbox-type=utility --mojo-platform-channel-handle=1508 /prefetch:8
PID:3332",FileEvent,Read,2021-10-08 17:15:06.859,19168
C:\Program Files\Google\Chrome\Application\94.0.4606.81\chrome.dll,"""C:\Program Files\Google\Chrome\Application\chrome.exe"" --type=utility --utility-sub-type=storage.mojom.StorageService --field-trial-handle=1044,1296335821838755594,16912037217022600300,131072 --lang=zh-CN --service-sandbox-type=utility --mojo-platform-channel-handle=1508 /prefetch:8
PID:3332",FileEvent,Read,2021-10-08 17:15:06.885,150994944
C:\Users\jpdz\AppData\Local\Google\Chrome\User Data\Default\Session Storage\MANIFEST-000001,"""C:\Program Files\Google\Chrome\Application\chrome.exe"" --type=utility --utility-sub-type=storage.mojom.StorageService --field-trial-handle=1044,1296335821838755594,16912037217022600300,131072 --lang=zh-CN --service-sandbox-type=utility --mojo-platform-channel-handle=1508 /prefetch:8
PID:3332",FileEvent,Read,2021-10-08 17:15:08.184,32768
"""C:\Program Files\Google\Chrome\Application\chrome.exe"" --type=utility --utility-sub-type=storage.mojom.StorageService --field-trial-handle=1044,1296335821838755594,16912037217022600300,131072 --lang=zh-CN --service-sandbox-type=utility --mojo-platform-channel-handle=1508 /prefetch:8
PID:3332",C:\Users\jpdz\AppData\Local\Google\Chrome\User Data\Default\Session Storage\LOG,FileEvent,Write,2021-10-08 17:15:08.184,493
C:\Users\jpdz\AppData\Local\Google\Chrome\User Data\Default\Local Storage\leveldb\CURRENT,"""C:\Program Files\Google\Chrome\Application\chrome.exe"" --type=utility --utility-sub-type=storage.mojom.StorageService --field-trial-handle=1044,1296335821838755594,16912037217022600300,131072 --lang=zh-CN --service-sandbox-type=utility --mojo-platform-channel-handle=1508 /prefetch:8
PID:3332",FileEvent,Read,2021-10-08 17:15:08.176,16384
"""C:\Program Files\Google\Chrome\Application\chrome.exe"" --type=utility --utility-sub-type=storage.mojom.StorageService --field-trial-handle=1044,1296335821838755594,16912037217022600300,131072 --lang=zh-CN --service-sandbox-type=utility --mojo-platform-channel-handle=1508 /prefetch:8
PID:3332",C:\Users\jpdz\AppData\Local\Google\Chrome\User Data\Default\Session Storage\000003.log,FileEvent,Write,2021-10-08 17:15:08.185,139
C:\Users\jpdz\AppData\Local\Google\Chrome\User Data\Default\Session Storage\000003.log,"""C:\Program Files\Google\Chrome\Application\chrome.exe"" --type=utility --utility-sub-type=storage.mojom.StorageService --field-trial-handle=1044,1296335821838755594,16912037217022600300,131072 --lang=zh-CN --service-sandbox-type=utility --mojo-platform-channel-handle=1508 /prefetch:8
PID:3332",FileEvent,Read,2021-10-08 17:15:08.184,32768
C:\Users\jpdz\AppData\Local\Google\Chrome\User Data\Default\Local Storage\leveldb\000003.log,"""C:\Program Files\Google\Chrome\Application\chrome.exe"" --type=utility --utility-sub-type=storage.mojom.StorageService --field-trial-handle=1044,1296335821838755594,16912037217022600300,131072 --lang=zh-CN --service-sandbox-type=utility --mojo-platform-channel-handle=1508 /prefetch:8
PID:3332",FileEvent,Read,2021-10-08 17:15:08.177,32768
C:\Windows\Prefetch\CHROME.EXE-5A1054AF.pf,"""C:\Program Files\Google\Chrome\Application\chrome.exe"" --type=renderer --disable-client-side-phishing-detection --cross-origin-webassembly-module-sharing-allowed --display-capture-permissions-policy-allowed --field-trial-handle=1044,1296335821838755594,16912037217022600300,131072 --lang=zh-CN --device-scale-factor=1 --num-raster-threads=1 --renderer-client-id=6 --no-v8-untrusted-code-mitigations --mojo-platform-channel-handle=1952 /prefetch:1
PID:3316",FileEvent,Read,2021-10-08 17:15:06.954,19168
C:\Program Files\Google\Chrome\Application\94.0.4606.81\chrome.dll,"""C:\Program Files\Google\Chrome\Application\chrome.exe"" --type=renderer --disable-client-side-phishing-detection --cross-origin-webassembly-module-sharing-allowed --display-capture-permissions-policy-allowed --field-trial-handle=1044,1296335821838755594,16912037217022600300,131072 --lang=zh-CN --device-scale-factor=1 --num-raster-threads=1 --renderer-client-id=6 --no-v8-untrusted-code-mitigations --mojo-platform-channel-handle=1952 /prefetch:1
PID:3316",FileEvent,Read,2021-10-08 17:15:06.963,150994944
C:\Windows\Prefetch\CHROME.EXE-5A1054AF.pf,"""C:\Program Files\Google\Chrome\Application\chrome.exe"" --type=gpu-process --field-trial-handle=1044,1296335821838755594,16912037217022600300,131072 --gpu-preferences=UAAAAAAAAADgAAAIAAAAAAAAAAAAAAAAAABgAIAAAAAwAAAAAAAAAAAAAAAAAAAAAAAAAAAAAAAAAAAAAAAAAHgAAAAAAAAAeAAAAAAAAAAoAAAABAAAACAAAAAAAAAAKAAAAAAAAAAwAAAAAAAAADgAAAAAAAAAEAAAAAAAAAAAAAAADQAAABAAAAAAAAAAAQAAAA0AAAAQAAAAAAAAAAQAAAANAAAAEAAAAAAAAAAHAAAADQAAAAgAAAAAAAAACAAAAAAAAAA= --use-gl=angle --use-angle=swiftshader-webgl --mojo-platform-channel-handle=
PID:3084",FileEvent,Read,2021-10-08 17:15:08.77,19168
C:\Program Files\Google\Chrome\Application\94.0.4606.81\chrome.dll,"""C:\Program Files\Google\Chrome\Application\chrome.exe"" --type=gpu-process --field-trial-handle=1044,1296335821838755594,16912037217022600300,131072 --gpu-preferences=UAAAAAAAAADgAAAIAAAAAAAAAAAAAAAAAABgAIAAAAAwAAAAAAAAAAAAAAAAAAAAAAAAAAAAAAAAAAAAAAAAAHgAAAAAAAAAeAAAAAAAAAAoAAAABAAAACAAAAAAAAAAKAAAAAAAAAAwAAAAAAAAADgAAAAAAAAAEAAAAAAAAAAAAAAADQAAABAAAAAAAAAAAQAAAA0AAAAQAAAAAAAAAAQAAAANAAAAEAAAAAAAAAAHAAAADQAAAAgAAAAAAAAACAAAAAAAAAA= --use-gl=angle --use-angle=swiftshader-webgl --mojo-platform-channel-handle=
PID:3084",FileEvent,Read,2021-10-08 17:15:08.81,150994944
C:\Program Files\Google\Chrome\Application\94.0.4606.81\vk_swiftshader_icd.json,"""C:\Program Files\Google\Chrome\Application\chrome.exe"" --type=gpu-process --field-trial-handle=1044,1296335821838755594,16912037217022600300,131072 --gpu-preferences=UAAAAAAAAADgAAAIAAAAAAAAAAAAAAAAAABgAIAAAAAwAAAAAAAAAAAAAAAAAAAAAAAAAAAAAAAAAAAAAAAAAHgAAAAAAAAAeAAAAAAAAAAoAAAABAAAACAAAAAAAAAAKAAAAAAAAAAwAAAAAAAAADgAAAAAAAAAEAAAAAAAAAAAAAAADQAAABAAAAAAAAAAAQAAAA0AAAAQAAAAAAAAAAQAAAANAAAAEAAAAAAAAAAHAAAADQAAAAgAAAAAAAAACAAAAAAAAAA= --use-gl=angle --use-angle=swiftshader-webgl --mojo-platform-channel-handle=
PID:3084",FileEvent,Read,2021-10-08 17:15:08.191,34816
C:\Windows\Prefetch\CHROME.EXE-5A1054AF.pf,"""C:\Program Files\Google\Chrome\Application\chrome.exe"" --type=gpu-process --field-trial-handle=1044,1296335821838755594,16912037217022600300,131072 --gpu-preferences=UAAAAAAAAADgAAAIAAAAAAAAAAAAAAAAAABgAIAAAAAwAAAAAAAAAAAAAAAAAAAAAAAAAAAAAAAAAAAAAAAAAHgAAAAAAAAAeAAAAAAAAAAoAAAABAAAACAAAAAAAAAAKAAAAAAAAAAwAAAAAAAAADgAAAAAAAAAEAAAAAAAAAAAAAAADQAAABAAAAAAAAAAAQAAAA0AAAAQAAAAAAAAAAQAAAANAAAAEAAAAAAAAAAHAAAADQAAAAgAAAAAAAAACAAAAAAAAAA= --mojo-platform-channel-handle=1056 /prefetch:2
PID:3036",FileEvent,Read,2021-10-08 17:15:06.806,19168
C:\Program Files\Google\Chrome\Application\94.0.4606.81\chrome.dll,"""C:\Program Files\Google\Chrome\Application\chrome.exe"" --type=gpu-process --field-trial-handle=1044,1296335821838755594,16912037217022600300,131072 --gpu-preferences=UAAAAAAAAADgAAAIAAAAAAAAAAAAAAAAAABgAIAAAAAwAAAAAAAAAAAAAAAAAAAAAAAAAAAAAAAAAAAAAAAAAHgAAAAAAAAAeAAAAAAAAAAoAAAABAAAACAAAAAAAAAAKAAAAAAAAAAwAAAAAAAAADgAAAAAAAAAEAAAAAAAAAAAAAAADQAAABAAAAAAAAAAAQAAAA0AAAAQAAAAAAAAAAQAAAANAAAAEAAAAAAAAAAHAAAADQAAAAgAAAAAAAAACAAAAAAAAAA= --mojo-platform-channel-handle=1056 /prefetch:2
PID:3036",FileEvent,Read,2021-10-08 17:15:06.814,150994944
