start,end,eventtype,operationtype,time,ref.size
C:\Program Files\Mozilla Firefox\api-ms-win-crt-multibyte-l1-1-0.dll,"""C:\Program Files\Mozilla Firefox\firefox.exe"" https://www.ceo-btt.com/
PID:2396",FileEvent,Read,2021-10-09 16:24:07.916,65536
C:\Users\jpdz\AppData\Local\Mozilla\Firefox\Profiles\uzjxbbj5.default-release\safebrowsing\social-tracking-protection-facebook-digest256.vlpset,"""C:\Program Files\Mozilla Firefox\firefox.exe"" https://www.ceo-btt.com/
PID:2396",FileEvent,Read,2021-10-09 16:24:09.30,453
C:\Users\jpdz\AppData\Local\Mozilla\Firefox\Profiles\uzjxbbj5.default-release\safebrowsing\google4\goog-malware-proto.metadata,"""C:\Program Files\Mozilla Firefox\firefox.exe"" https://www.ceo-btt.com/
PID:2396",FileEvent,Read,2021-10-09 16:24:09.262,71
C:\Users\jpdz\AppData\Roaming\Mozilla\Firefox\Profiles\uzjxbbj5.default-release\storage\default\moz-extension+++0c3666b5-67b1-4855-b50d-d5fbfc0d2874^userContextId=4294967295\.metadata-v2,"""C:\Program Files\Mozilla Firefox\firefox.exe"" https://www.ceo-btt.com/
PID:2396",FileEvent,Read,2021-10-09 16:24:10.870,512
"""C:\Program Files\Mozilla Firefox\firefox.exe"" https://www.ceo-btt.com/
PID:2396",C:\Users\jpdz\AppData\Roaming\Mozilla\Firefox\Profiles\uzjxbbj5.default-release\datareporting\glean\pending_pings\4208f085-665e-4cdb-879d-82227c49a3d6,FileEvent,Delete,2021-10-09 16:24:11.408,0
C:\Users\jpdz\AppData\Roaming\Mozilla\Firefox\Profiles\uzjxbbj5.default-release\datareporting\glean\pending_pings\4208f085-665e-4cdb-879d-82227c49a3d6,"""C:\Program Files\Mozilla Firefox\firefox.exe"" https://www.ceo-btt.com/
PID:2396",FileEvent,Read,2021-10-09 16:24:10.914,49152
"""C:\Program Files\Mozilla Firefox\firefox.exe"" https://www.ceo-btt.com/
PID:2396",C:\Users\jpdz\AppData\Local\Mozilla\Firefox\Profiles\uzjxbbj5.default-release\cache2\doomed\5353,FileEvent,Delete,2021-10-09 16:24:08.123,0
C:\Users\jpdz\AppData\Local\Mozilla\Firefox\Profiles\uzjxbbj5.default-release\safebrowsing\google-trackwhite-digest256.sbstore,"""C:\Program Files\Mozilla Firefox\firefox.exe"" https://www.ceo-btt.com/
PID:2396",FileEvent,Read,2021-10-09 16:24:09.261,46359
C:\Users\jpdz\AppData\Roaming\Mozilla\Firefox\Profiles\uzjxbbj5.default-release\extension-settings.json,"""C:\Program Files\Mozilla Firefox\firefox.exe"" https://www.ceo-btt.com/
PID:2396",FileEvent,Read,2021-10-09 16:24:08.235,284
C:\Users\jpdz\AppData\Roaming\Mozilla\Firefox\Profiles\uzjxbbj5.default-release\storage\permanent\chrome\idb\1451318868ntouromlalnodry--epcr.sqlite,"""C:\Program Files\Mozilla Firefox\firefox.exe"" https://www.ceo-btt.com/
PID:2396",FileEvent,Read,2021-10-09 16:24:08.274,37064
C:\Users\jpdz\AppData\Local\Mozilla\Firefox\Profiles\uzjxbbj5.default-release\safebrowsing\google-trackwhite-digest256.vlpset,"""C:\Program Files\Mozilla Firefox\firefox.exe"" https://www.ceo-btt.com/
PID:2396",FileEvent,Read,2021-10-09 16:24:09.21,3014656
"""C:\Program Files\Mozilla Firefox\firefox.exe"" https://www.ceo-btt.com/
PID:2396",C:\Users\jpdz\AppData\Roaming\Mozilla\Firefox\Profiles\uzjxbbj5.default-release\datareporting\glean\tmp\4208f085-665e-4cdb-879d-82227c49a3d6,FileEvent,Write,2021-10-09 16:24:10.914,1173
"""C:\Program Files\Mozilla Firefox\firefox.exe"" https://www.ceo-btt.com/
PID:2396",18.178.52.42,IpChannelEvent,TcpIpConnect,2021-10-09 16:24:33.180,0
"""C:\Program Files\Mozilla Firefox\firefox.exe"" https://www.ceo-btt.com/
PID:2396",18.178.52.42,IpChannelEvent,TcpIpDisconnect,2021-10-09 16:24:35.345,0
"""C:\Program Files\Mozilla Firefox\firefox.exe"" https://www.ceo-btt.com/
PID:2396",18.178.52.42,IpChannelEvent,TcpIpSend,2021-10-09 16:24:33.281,1984
18.178.52.42,"""C:\Program Files\Mozilla Firefox\firefox.exe"" https://www.ceo-btt.com/
PID:2396",IpChannelEvent,TcpIpRecv,2021-10-09 16:24:33.281,6573
C:\Users\jpdz\AppData\Roaming\Microsoft\Internet Explorer\Quick Launch\User Pinned\TaskBar\Firefox.lnk,"""C:\Program Files\Mozilla Firefox\firefox.exe"" https://www.ceo-btt.com/
PID:2396",FileEvent,Read,2021-10-09 16:24:09.165,4096
C:\Program Files\desktop.ini,"""C:\Program Files\Mozilla Firefox\firefox.exe"" https://www.ceo-btt.com/
PID:2396",FileEvent,Read,2021-10-09 16:24:09.166,176
"""C:\Program Files\Mozilla Firefox\firefox.exe"" https://www.ceo-btt.com/
PID:2396",C:\Users\jpdz\AppData\Roaming\Mozilla\Firefox\Profiles\uzjxbbj5.default-release\storage\default\moz-extension+++0424fd79-b62a-421f-bf32-0d1549ab34f2^userContextId=4294967295\idb\3647222921wleabcEoxlt-eengsairo.sqlite,FileEvent,Write,2021-10-09 16:24:22.268,8192
C:\Users\jpdz\AppData\Roaming\Mozilla\Firefox\Profiles\uzjxbbj5.default-release\storage\default\moz-extension+++0424fd79-b62a-421f-bf32-0d1549ab34f2^userContextId=4294967295\idb\3647222921wleabcEoxlt-eengsairo.sqlite,"""C:\Program Files\Mozilla Firefox\firefox.exe"" https://www.ceo-btt.com/
PID:2396",FileEvent,Read,2021-10-09 16:24:14.881,37064
"""C:\Program Files\Mozilla Firefox\firefox.exe"" https://www.ceo-btt.com/
PID:2396",35.190.60.146,IpChannelEvent,TcpIpConnect,2021-10-09 16:24:32.297,0
"""C:\Program Files\Mozilla Firefox\firefox.exe"" https://www.ceo-btt.com/
PID:2396",35.190.60.146,IpChannelEvent,TcpIpSend,2021-10-09 16:24:32.361,517
"""C:\Program Files\Mozilla Firefox\firefox.exe"" https://www.ceo-btt.com/
PID:2396",34.117.237.239,IpChannelEvent,TcpIpConnect,2021-10-09 16:24:09.222,0
34.117.237.239,"""C:\Program Files\Mozilla Firefox\firefox.exe"" https://www.ceo-btt.com/
PID:2396",IpChannelEvent,TcpIpRecv,2021-10-09 16:24:09.286,4572
"""C:\Program Files\Mozilla Firefox\firefox.exe"" https://www.ceo-btt.com/
PID:2396",34.117.237.239,IpChannelEvent,TcpIpSend,2021-10-09 16:24:09.248,517
34.117.237.239,"""C:\Program Files\Mozilla Firefox\firefox.exe"" https://www.ceo-btt.com/
PID:2396",IpChannelEvent,TcpIpRecv,2021-10-09 16:24:11.723,810
"""C:\Program Files\Mozilla Firefox\firefox.exe"" https://www.ceo-btt.com/
PID:2396",34.117.237.239,IpChannelEvent,TcpIpSend,2021-10-09 16:24:11.684,571
"""C:\Program Files\Mozilla Firefox\firefox.exe"" https://www.ceo-btt.com/
PID:2396",35.244.247.133,IpChannelEvent,TcpIpConnect,2021-10-09 16:24:09.346,0
"""C:\Program Files\Mozilla Firefox\firefox.exe"" https://www.ceo-btt.com/
PID:2396",35.244.247.133,IpChannelEvent,TcpIpDisconnect,2021-10-09 16:24:09.453,0
"""C:\Program Files\Mozilla Firefox\firefox.exe"" https://www.ceo-btt.com/
PID:2396",35.244.247.133,IpChannelEvent,TcpIpSend,2021-10-09 16:24:09.410,529
35.244.247.133,"""C:\Program Files\Mozilla Firefox\firefox.exe"" https://www.ceo-btt.com/
PID:2396",IpChannelEvent,TcpIpRecv,2021-10-09 16:24:09.410,3733
"""C:\Program Files\Mozilla Firefox\firefox.exe"" https://www.ceo-btt.com/
PID:2396",C:\Users\jpdz\AppData\Roaming\Mozilla\Firefox\Profiles\uzjxbbj5.default-release\storage\default\moz-extension+++7b7c287d-b9ee-4c40-99c0-63c5bd847cee^userContextId=4294967295\idb\3647222921wleabcEoxlt-eengsairo.sqlite-shm,FileEvent,Delete,2021-10-09 16:24:12.261,0
"""C:\Program Files\Mozilla Firefox\firefox.exe"" https://www.ceo-btt.com/
PID:2396",C:\Users\jpdz\AppData\Roaming\Mozilla\Firefox\Profiles\uzjxbbj5.default-release\storage\default\moz-extension+++7b7c287d-b9ee-4c40-99c0-63c5bd847cee^userContextId=4294967295\idb\3647222921wleabcEoxlt-eengsairo.sqlite-shm,FileEvent,Delete,2021-10-09 16:24:24.271,0
C:\Users\jpdz\AppData\Roaming\Mozilla\Firefox\Profiles\uzjxbbj5.default-release\storage\default\moz-extension+++7b7c287d-b9ee-4c40-99c0-63c5bd847cee^userContextId=4294967295\idb\3647222921wleabcEoxlt-eengsairo.sqlite-shm,"""C:\Program Files\Mozilla Firefox\firefox.exe"" https://www.ceo-btt.com/
PID:2396",FileEvent,Read,2021-10-09 16:24:12.260,65536
C:\Users\jpdz\AppData\Local\Mozilla\Firefox\Profiles\uzjxbbj5.default-release\safebrowsing\base-cryptomining-track-digest256.vlpset,"""C:\Program Files\Mozilla Firefox\firefox.exe"" https://www.ceo-btt.com/
PID:2396",FileEvent,Read,2021-10-09 16:24:09.20,2277
"""C:\Program Files\Mozilla Firefox\firefox.exe"" https://www.ceo-btt.com/
PID:2396",C:\Users\jpdz\AppData\Local\Mozilla\Firefox\Profiles\uzjxbbj5.default-release\cache2\entries\D2E5E0F72D4AB393B0A7A8EA4C0C7B80CA8D830B,FileEvent,Write,2021-10-09 16:24:10.886,17599
C:\Users\jpdz\AppData\Roaming\Mozilla\Firefox\Profiles\uzjxbbj5.default-release\storage\permanent\chrome\.metadata-v2,"""C:\Program Files\Mozilla Firefox\firefox.exe"" https://www.ceo-btt.com/
PID:2396",FileEvent,Read,2021-10-09 16:24:08.271,512
C:\Users\jpdz\AppData\Local\Mozilla\Firefox\Profiles\uzjxbbj5.default-release\safebrowsing\analytics-track-digest256.sbstore,"""C:\Program Files\Mozilla Firefox\firefox.exe"" https://www.ceo-btt.com/
PID:2396",FileEvent,Read,2021-10-09 16:24:09.260,559
"""C:\Program Files\Mozilla Firefox\firefox.exe"" https://www.ceo-btt.com/
PID:2396",C:\Users\jpdz\AppData\Roaming\Mozilla\Firefox\Profiles\uzjxbbj5.default-release\storage\permanent\chrome\idb\2823318777ntouromlalnodry--naod.sqlite-shm,FileEvent,Delete,2021-10-09 16:24:12.266,0
"""C:\Program Files\Mozilla Firefox\firefox.exe"" https://www.ceo-btt.com/
PID:2396",C:\Users\jpdz\AppData\Roaming\Mozilla\Firefox\Profiles\uzjxbbj5.default-release\storage\permanent\chrome\idb\2823318777ntouromlalnodry--naod.sqlite-shm,FileEvent,Delete,2021-10-09 16:24:24.270,0
C:\Users\jpdz\AppData\Roaming\Mozilla\Firefox\Profiles\uzjxbbj5.default-release\storage\permanent\chrome\idb\2823318777ntouromlalnodry--naod.sqlite-shm,"""C:\Program Files\Mozilla Firefox\firefox.exe"" https://www.ceo-btt.com/
PID:2396",FileEvent,Read,2021-10-09 16:24:12.265,65536
"""C:\Program Files\Mozilla Firefox\firefox.exe"" https://www.ceo-btt.com/
PID:2396","""C:\Program Files\Mozilla Firefox\firefox.exe"" -contentproc --channel=""2396.0.323349308\1215329835"" -parentBuildID 20210927210923 -prefsHandle 1016 -prefMapHandle 1000 -prefsLen 1 -prefMapSize 252743 -appdir ""C:\Program Files\Mozilla Firefox\browser"" - 2396 ""\\.\pipe\gecko-crash-server-pipe.2396"" 1088 d7b1a18 gpu
PID:2300",ProcessEvent,Create,2021-10-09 16:24:08.30,
C:\Users\jpdz\AppData\Roaming\Mozilla\Firefox\Profiles\uzjxbbj5.default-release\storage\ls-archive.sqlite,"""C:\Program Files\Mozilla Firefox\firefox.exe"" https://www.ceo-btt.com/
PID:2396",FileEvent,Read,2021-10-09 16:24:08.270,65684
"""C:\Program Files\Mozilla Firefox\firefox.exe"" https://www.ceo-btt.com/
PID:2396",34.107.221.82,IpChannelEvent,TcpIpConnect,2021-10-09 16:24:09.305,0
"""C:\Program Files\Mozilla Firefox\firefox.exe"" https://www.ceo-btt.com/
PID:2396",34.107.221.82,IpChannelEvent,TcpIpSend,2021-10-09 16:24:09.346,335
34.107.221.82,"""C:\Program Files\Mozilla Firefox\firefox.exe"" https://www.ceo-btt.com/
PID:2396",IpChannelEvent,TcpIpRecv,2021-10-09 16:24:09.346,220
"""C:\Program Files\Mozilla Firefox\firefox.exe"" https://www.ceo-btt.com/
PID:2396",C:\Users\jpdz\AppData\Roaming\Mozilla\Firefox\Profiles\uzjxbbj5.default-release\places.sqlite-wal,FileEvent,Write,2021-10-09 16:24:08.462,69712
"""C:\Program Files\Mozilla Firefox\firefox.exe"" https://www.ceo-btt.com/
PID:2396",121.194.10.78,IpChannelEvent,TcpIpConnect,2021-10-09 16:24:09.178,0
121.194.10.78,"""C:\Program Files\Mozilla Firefox\firefox.exe"" https://www.ceo-btt.com/
PID:2396",IpChannelEvent,TcpIpRecv,2021-10-09 16:24:09.189,647
"""C:\Program Files\Mozilla Firefox\firefox.exe"" https://www.ceo-btt.com/
PID:2396",121.194.10.78,IpChannelEvent,TcpIpSend,2021-10-09 16:24:09.189,365
C:\Users\jpdz\AppData\Local\Mozilla\Firefox\Profiles\uzjxbbj5.default-release\safebrowsing\ads-track-digest256.vlpset,"""C:\Program Files\Mozilla Firefox\firefox.exe"" https://www.ceo-btt.com/
PID:2396",FileEvent,Read,2021-10-09 16:24:09.20,55877
C:\Users\jpdz\AppData\Local\Mozilla\Firefox\Profiles\uzjxbbj5.default-release\safebrowsing\analytics-track-digest256.vlpset,"""C:\Program Files\Mozilla Firefox\firefox.exe"" https://www.ceo-btt.com/
PID:2396",FileEvent,Read,2021-10-09 16:24:09.20,10021
"""C:\Program Files\Mozilla Firefox\firefox.exe"" https://www.ceo-btt.com/
PID:2396","""C:\Program Files\Mozilla Firefox\firefox.exe"" -contentproc --channel=""2396.8.1169976819\145400810"" -childID 3 -isForBrowser -prefsHandle 3416 -prefMapHandle 3412 -prefsLen 9838 -prefMapSize 252743 -jsInit 840 286204 -parentBuildID 20210927210923 -appdir ""C:\Program Files\Mozilla Firefox\browser"" - 2396 ""\\.\pipe\gecko-crash-server-pipe.2396"" 3428 d75e3a8 tab
PID:3468",ProcessEvent,Create,2021-10-09 16:24:10.908,
"""C:\Program Files\Mozilla Firefox\firefox.exe"" https://www.ceo-btt.com/
PID:2396",104.75.165.56,IpChannelEvent,TcpIpConnect,2021-10-09 16:24:32.220,0
"""C:\Program Files\Mozilla Firefox\firefox.exe"" https://www.ceo-btt.com/
PID:2396",104.75.165.56,IpChannelEvent,TcpIpSend,2021-10-09 16:24:32.269,1780
104.75.165.56,"""C:\Program Files\Mozilla Firefox\firefox.exe"" https://www.ceo-btt.com/
PID:2396",IpChannelEvent,TcpIpRecv,2021-10-09 16:24:32.269,6458
C:\Users\jpdz\AppData\Roaming\Mozilla\Firefox\Profiles\uzjxbbj5.default-release\prefs.js,"""C:\Program Files\Mozilla Firefox\firefox.exe"" https://www.ceo-btt.com/
PID:2396",FileEvent,Read,2021-10-09 16:24:07.995,20224
"""C:\Program Files\Mozilla Firefox\firefox.exe"" https://www.ceo-btt.com/
PID:2396",172.217.160.83,IpChannelEvent,TcpIpConnect,2021-10-09 16:24:29.878,0
"""C:\Program Files\Mozilla Firefox\firefox.exe"" https://www.ceo-btt.com/
PID:2396",172.217.160.83,IpChannelEvent,TcpIpSend,2021-10-09 16:24:29.945,1681
172.217.160.83,"""C:\Program Files\Mozilla Firefox\firefox.exe"" https://www.ceo-btt.com/
PID:2396",IpChannelEvent,TcpIpRecv,2021-10-09 16:24:29.945,5122
"""C:\Program Files\Mozilla Firefox\firefox.exe"" https://www.ceo-btt.com/
PID:2396",C:\Users\jpdz\AppData\Roaming\Mozilla\Firefox\Profiles\uzjxbbj5.default-release\sessionCheckpoints.json.tmp,FileEvent,Write,2021-10-09 16:24:08.120,143
C:\Users\jpdz\AppData\Local\Mozilla\Firefox\Profiles\uzjxbbj5.default-release\safebrowsing\allow-flashallow-digest256.vlpset,"""C:\Program Files\Mozilla Firefox\firefox.exe"" https://www.ceo-btt.com/
PID:2396",FileEvent,Read,2021-10-09 16:24:09.20,69
"""C:\Program Files\Mozilla Firefox\firefox.exe"" https://www.ceo-btt.com/
PID:2396",C:\Users\jpdz\AppData\Roaming\Mozilla\Firefox\Profiles\uzjxbbj5.default-release\cookies.sqlite-shm,FileEvent,Delete,2021-10-09 16:24:08.129,0
C:\Users\jpdz\AppData\Roaming\Mozilla\Firefox\Profiles\uzjxbbj5.default-release\cookies.sqlite-shm,"""C:\Program Files\Mozilla Firefox\firefox.exe"" https://www.ceo-btt.com/
PID:2396",FileEvent,Read,2021-10-09 16:24:08.128,65536
C:\Users\jpdz\AppData\Roaming\Mozilla\Firefox\Profiles\UZJXBB~1.DEF\cert9.db,"""C:\Program Files\Mozilla Firefox\firefox.exe"" https://www.ceo-btt.com/
PID:2396",FileEvent,Read,2021-10-09 16:24:08.267,132676
C:\Users\jpdz\AppData\Roaming\Mozilla\Firefox\Profiles\UZJXBB~1.DEF\cert9.db,"""C:\Program Files\Mozilla Firefox\firefox.exe"" https://www.ceo-btt.com/
PID:2396",FileEvent,Read,2021-10-09 16:24:10.676,10256
C:\Users\jpdz\AppData\Roaming\Mozilla\Firefox\Profiles\uzjxbbj5.default-release\places.sqlite,"""C:\Program Files\Mozilla Firefox\firefox.exe"" https://www.ceo-btt.com/
PID:2396",FileEvent,Read,2021-10-09 16:24:08.458,360648
C:\Users\jpdz\AppData\Roaming\Mozilla\Firefox\Profiles\uzjxbbj5.default-release\places.sqlite,"""C:\Program Files\Mozilla Firefox\firefox.exe"" https://www.ceo-btt.com/
PID:2396",FileEvent,Read,2021-10-09 16:24:12.975,196708
"""C:\Program Files\Mozilla Firefox\firefox.exe"" https://www.ceo-btt.com/
PID:2396",203.208.40.34,IpChannelEvent,TcpIpConnect,2021-10-09 16:24:27.198,0
"""C:\Program Files\Mozilla Firefox\firefox.exe"" https://www.ceo-btt.com/
PID:2396",203.208.40.34,IpChannelEvent,TcpIpDisconnect,2021-10-09 16:24:27.577,0
203.208.40.34,"""C:\Program Files\Mozilla Firefox\firefox.exe"" https://www.ceo-btt.com/
PID:2396",IpChannelEvent,TcpIpRecv,2021-10-09 16:24:27.283,6098
"""C:\Program Files\Mozilla Firefox\firefox.exe"" https://www.ceo-btt.com/
PID:2396",203.208.40.34,IpChannelEvent,TcpIpSend,2021-10-09 16:24:27.283,1183
"""C:\Program Files\Mozilla Firefox\firefox.exe"" https://www.ceo-btt.com/
PID:2396",C:\Users\jpdz\AppData\Roaming\Mozilla\Firefox\Profiles\uzjxbbj5.default-release\storage\permanent\chrome\idb\1451318868ntouromlalnodry--epcr.sqlite-wal,FileEvent,Delete,2021-10-09 16:24:08.275,0
"""C:\Program Files\Mozilla Firefox\firefox.exe"" https://www.ceo-btt.com/
PID:2396",C:\Users\jpdz\AppData\Roaming\Mozilla\Firefox\Profiles\uzjxbbj5.default-release\storage\permanent\chrome\idb\1451318868ntouromlalnodry--epcr.sqlite-wal,FileEvent,Delete,2021-10-09 16:24:23.374,0
C:\Users\jpdz\AppData\Roaming\Mozilla\Firefox\Profiles\uzjxbbj5.default-release\containers.json,"""C:\Program Files\Mozilla Firefox\firefox.exe"" https://www.ceo-btt.com/
PID:2396",FileEvent,Read,2021-10-09 16:24:09.158,939
"""C:\Program Files\Mozilla Firefox\firefox.exe"" https://www.ceo-btt.com/
PID:2396",52.84.229.65,IpChannelEvent,TcpIpConnect,2021-10-09 16:24:29.585,0
52.84.229.65,"""C:\Program Files\Mozilla Firefox\firefox.exe"" https://www.ceo-btt.com/
PID:2396",IpChannelEvent,TcpIpRecv,2021-10-09 16:24:29.840,2010
"""C:\Program Files\Mozilla Firefox\firefox.exe"" https://www.ceo-btt.com/
PID:2396",52.84.229.65,IpChannelEvent,TcpIpSend,2021-10-09 16:24:29.595,930
"""C:\Program Files\Mozilla Firefox\firefox.exe"" https://www.ceo-btt.com/
PID:2396",C:\ProgramData\Mozilla\updates\308046B0AF4A39CB\update.test,FileEvent,Delete,2021-10-09 16:24:10.877,0
"""C:\Program Files\Mozilla Firefox\firefox.exe"" https://www.ceo-btt.com/
PID:2396",C:\Users\jpdz\AppData\Local\Mozilla\Firefox\Profiles\uzjxbbj5.default-release\cache2\doomed\5718,FileEvent,Delete,2021-10-09 16:24:13.391,0
"""C:\Program Files\Mozilla Firefox\firefox.exe"" https://www.ceo-btt.com/
PID:2396",C:\Users\jpdz\AppData\Roaming\Mozilla\Firefox\Profiles\uzjxbbj5.default-release\broadcast-listeners.json.tmp,FileEvent,Write,2021-10-09 16:24:14.653,216
"""C:\Program Files\Mozilla Firefox\firefox.exe"" https://www.ceo-btt.com/
PID:2396",C:\Users\jpdz\AppData\Roaming\Mozilla\Firefox\Profiles\uzjxbbj5.default-release\storage\permanent\chrome\idb\1451318868ntouromlalnodry--epcr.sqlite-shm,FileEvent,Delete,2021-10-09 16:24:08.275,0
C:\Users\jpdz\AppData\Roaming\Mozilla\Firefox\Profiles\uzjxbbj5.default-release\storage\permanent\chrome\idb\1451318868ntouromlalnodry--epcr.sqlite-shm,"""C:\Program Files\Mozilla Firefox\firefox.exe"" https://www.ceo-btt.com/
PID:2396",FileEvent,Read,2021-10-09 16:24:08.275,65536
"""C:\Program Files\Mozilla Firefox\firefox.exe"" https://www.ceo-btt.com/
PID:2396",C:\Users\jpdz\AppData\Roaming\Mozilla\Firefox\Profiles\uzjxbbj5.default-release\storage\permanent\chrome\idb\1451318868ntouromlalnodry--epcr.sqlite-shm,FileEvent,Delete,2021-10-09 16:24:22.903,0
C:\Users\jpdz\AppData\Roaming\Mozilla\Firefox\Profiles\uzjxbbj5.default-release\favicons.sqlite,"""C:\Program Files\Mozilla Firefox\firefox.exe"" https://www.ceo-btt.com/
PID:2396",FileEvent,Read,2021-10-09 16:24:08.459,360648
C:\Users\jpdz\AppData\Roaming\Mozilla\Firefox\Profiles\uzjxbbj5.default-release\favicons.sqlite,"""C:\Program Files\Mozilla Firefox\firefox.exe"" https://www.ceo-btt.com/
PID:2396",FileEvent,Read,2021-10-09 16:24:27.349,98404
C:\Program Files\Mozilla Firefox\api-ms-win-crt-time-l1-1-0.dll,"""C:\Program Files\Mozilla Firefox\firefox.exe"" https://www.ceo-btt.com/
PID:2396",FileEvent,Read,2021-10-09 16:24:07.916,65536
"""C:\Program Files\Mozilla Firefox\firefox.exe"" https://www.ceo-btt.com/
PID:2396",203.208.40.105,IpChannelEvent,TcpIpConnect,2021-10-09 16:24:14.393,0
"""C:\Program Files\Mozilla Firefox\firefox.exe"" https://www.ceo-btt.com/
PID:2396",203.208.40.105,IpChannelEvent,TcpIpDisconnect,2021-10-09 16:24:15.22,0
203.208.40.105,"""C:\Program Files\Mozilla Firefox\firefox.exe"" https://www.ceo-btt.com/
PID:2396",IpChannelEvent,TcpIpRecv,2021-10-09 16:24:14.465,123696
"""C:\Program Files\Mozilla Firefox\firefox.exe"" https://www.ceo-btt.com/
PID:2396",203.208.40.105,IpChannelEvent,TcpIpSend,2021-10-09 16:24:14.465,1181
C:\Users\jpdz\AppData\Local\Mozilla\Firefox\Profiles\uzjxbbj5.default-release\safebrowsing\mozstd-trackwhite-digest256.sbstore,"""C:\Program Files\Mozilla Firefox\firefox.exe"" https://www.ceo-btt.com/
PID:2396",FileEvent,Read,2021-10-09 16:24:09.261,9969
"""C:\Program Files\Mozilla Firefox\firefox.exe"" https://www.ceo-btt.com/
PID:2396",52.84.228.114,IpChannelEvent,TcpIpConnect,2021-10-09 16:24:29.149,0
"""C:\Program Files\Mozilla Firefox\firefox.exe"" https://www.ceo-btt.com/
PID:2396",52.84.228.114,IpChannelEvent,TcpIpSend,2021-10-09 16:24:29.251,1043
52.84.228.114,"""C:\Program Files\Mozilla Firefox\firefox.exe"" https://www.ceo-btt.com/
PID:2396",IpChannelEvent,TcpIpRecv,2021-10-09 16:24:29.251,6745
C:\Users\jpdz\AppData\Roaming\Mozilla\Firefox\Crash Reports\InstallTime20210927210923,"""C:\Program Files\Mozilla Firefox\firefox.exe"" https://www.ceo-btt.com/
PID:2396",FileEvent,Read,2021-10-09 16:24:07.976,10
"""C:\Program Files\Mozilla Firefox\firefox.exe"" https://www.ceo-btt.com/
PID:2396",38.133.127.31,IpChannelEvent,TcpIpConnect,2021-10-09 16:24:32.369,0
"""C:\Program Files\Mozilla Firefox\firefox.exe"" https://www.ceo-btt.com/
PID:2396",38.133.127.31,IpChannelEvent,TcpIpSend,2021-10-09 16:24:32.551,1727
38.133.127.31,"""C:\Program Files\Mozilla Firefox\firefox.exe"" https://www.ceo-btt.com/
PID:2396",IpChannelEvent,TcpIpRecv,2021-10-09 16:24:32.551,4191
"""C:\Program Files\Mozilla Firefox\firefox.exe"" https://www.ceo-btt.com/
PID:2396",117.18.237.29,IpChannelEvent,TcpIpConnect,2021-10-09 16:24:09.219,0
"""C:\Program Files\Mozilla Firefox\firefox.exe"" https://www.ceo-btt.com/
PID:2396",117.18.237.29,IpChannelEvent,TcpIpSend,2021-10-09 16:24:09.248,912
117.18.237.29,"""C:\Program Files\Mozilla Firefox\firefox.exe"" https://www.ceo-btt.com/
PID:2396",IpChannelEvent,TcpIpRecv,2021-10-09 16:24:09.273,1598
"""C:\Program Files\Mozilla Firefox\firefox.exe"" https://www.ceo-btt.com/
PID:2396",117.18.237.29,IpChannelEvent,TcpIpSend,2021-10-09 16:24:10.969,912
117.18.237.29,"""C:\Program Files\Mozilla Firefox\firefox.exe"" https://www.ceo-btt.com/
PID:2396",IpChannelEvent,TcpIpRecv,2021-10-09 16:24:10.969,1596
C:\Users\jpdz\AppData\Local\Mozilla\Firefox\Profiles\uzjxbbj5.default-release\safebrowsing\block-flashsubdoc-digest256.vlpset,"""C:\Program Files\Mozilla Firefox\firefox.exe"" https://www.ceo-btt.com/
PID:2396",FileEvent,Read,2021-10-09 16:24:09.21,262144
"""C:\Program Files\Mozilla Firefox\firefox.exe"" https://www.ceo-btt.com/
PID:2396",104.18.6.60,IpChannelEvent,TcpIpConnect,2021-10-09 16:24:14.613,0
"""C:\Program Files\Mozilla Firefox\firefox.exe"" https://www.ceo-btt.com/
PID:2396",104.18.6.60,IpChannelEvent,TcpIpDisconnect,2021-10-09 16:24:15.657,0
"""C:\Program Files\Mozilla Firefox\firefox.exe"" https://www.ceo-btt.com/
PID:2396",104.18.6.60,IpChannelEvent,TcpIpSend,2021-10-09 16:24:14.761,1139
104.18.6.60,"""C:\Program Files\Mozilla Firefox\firefox.exe"" https://www.ceo-btt.com/
PID:2396",IpChannelEvent,TcpIpRecv,2021-10-09 16:24:14.788,19938
C:\Users\jpdz\AppData\Roaming\Mozilla\Firefox\Profiles\uzjxbbj5.default-release\storage.sqlite,"""C:\Program Files\Mozilla Firefox\firefox.exe"" https://www.ceo-btt.com/
PID:2396",FileEvent,Read,2021-10-09 16:24:08.270,2180
"""C:\Program Files\Mozilla Firefox\firefox.exe"" https://www.ceo-btt.com/
PID:2396",C:\Users\jpdz\AppData\Roaming\Mozilla\Firefox\Profiles\uzjxbbj5.default-release\storage.sqlite,FileEvent,Write,2021-10-09 16:24:12.33,4096
C:\Users\jpdz\AppData\Roaming\Mozilla\Firefox\Profiles\uzjxbbj5.default-release\storage.sqlite,"""C:\Program Files\Mozilla Firefox\firefox.exe"" https://www.ceo-btt.com/
PID:2396",FileEvent,Read,2021-10-09 16:24:10.865,3120
C:\Users\jpdz\AppData\Roaming\Mozilla\Firefox\Profiles\uzjxbbj5.default-release\storage\default\moz-extension+++7b7c287d-b9ee-4c40-99c0-63c5bd847cee^userContextId=4294967295\idb\3647222921wleabcEoxlt-eengsairo.sqlite,"""C:\Program Files\Mozilla Firefox\firefox.exe"" https://www.ceo-btt.com/
PID:2396",FileEvent,Read,2021-10-09 16:24:12.259,37064
"""C:\Program Files\Mozilla Firefox\firefox.exe"" https://www.ceo-btt.com/
PID:2396",121.194.10.91,IpChannelEvent,TcpIpConnect,2021-10-09 16:24:10.939,0
121.194.10.91,"""C:\Program Files\Mozilla Firefox\firefox.exe"" https://www.ceo-btt.com/
PID:2396",IpChannelEvent,TcpIpRecv,2021-10-09 16:24:10.951,647
"""C:\Program Files\Mozilla Firefox\firefox.exe"" https://www.ceo-btt.com/
PID:2396",121.194.10.91,IpChannelEvent,TcpIpSend,2021-10-09 16:24:10.951,325
"""C:\Program Files\Mozilla Firefox\firefox.exe"" https://www.ceo-btt.com/
PID:2396",C:\Users\jpdz\AppData\Local\Mozilla\Firefox\Profiles\uzjxbbj5.default-release\activity-stream.discovery_stream.json.tmp,FileEvent,Write,2021-10-09 16:24:09.157,61086
"""C:\Program Files\Mozilla Firefox\firefox.exe"" https://www.ceo-btt.com/
PID:2396",C:\Users\jpdz\AppData\Roaming\Mozilla\Firefox\Profiles\uzjxbbj5.default-release\storage\permanent\chrome\idb\3561288849sdhlie.sqlite-shm,FileEvent,Delete,2021-10-09 16:24:09.207,0
C:\Users\jpdz\AppData\Roaming\Mozilla\Firefox\Profiles\uzjxbbj5.default-release\storage\permanent\chrome\idb\3561288849sdhlie.sqlite-shm,"""C:\Program Files\Mozilla Firefox\firefox.exe"" https://www.ceo-btt.com/
PID:2396",FileEvent,Read,2021-10-09 16:24:09.207,32768
"""C:\Program Files\Mozilla Firefox\firefox.exe"" https://www.ceo-btt.com/
PID:2396",C:\Users\jpdz\AppData\Roaming\Mozilla\Firefox\Profiles\uzjxbbj5.default-release\storage\permanent\chrome\idb\3561288849sdhlie.sqlite-shm,FileEvent,Delete,2021-10-09 16:24:23.375,0
C:\Users\jpdz\AppData\Roaming\Mozilla\Firefox\Profiles\uzjxbbj5.default-release\storage\permanent\chrome\idb\3561288849sdhlie.sqlite-shm,"""C:\Program Files\Mozilla Firefox\firefox.exe"" https://www.ceo-btt.com/
PID:2396",FileEvent,Read,2021-10-09 16:24:10.899,32768
C:\Users\jpdz\AppData\Roaming\Mozilla\Firefox\Profiles\uzjxbbj5.default-release\gmp-widevinecdm\4.10.2209.1\manifest.json,"""C:\Program Files\Mozilla Firefox\firefox.exe"" https://www.ceo-btt.com/
PID:2396",FileEvent,Read,2021-10-09 16:24:08.353,373
"""C:\Program Files\Mozilla Firefox\firefox.exe"" https://www.ceo-btt.com/
PID:2396",C:\Users\jpdz\AppData\Roaming\Mozilla\Firefox\Profiles\uzjxbbj5.default-release\extension-settings.json.tmp,FileEvent,Write,2021-10-09 16:24:10.897,284
C:\Users\jpdz\AppData\Roaming\Mozilla\Firefox\Profiles\uzjxbbj5.default-release\SiteSecurityServiceState.txt,"""C:\Program Files\Mozilla Firefox\firefox.exe"" https://www.ceo-btt.com/
PID:2396",FileEvent,Read,2021-10-09 16:24:08.279,433
"""C:\Program Files\Mozilla Firefox\firefox.exe"" https://www.ceo-btt.com/
PID:2396",52.198.49.131,IpChannelEvent,TcpIpConnect,2021-10-09 16:24:29.166,0
"""C:\Program Files\Mozilla Firefox\firefox.exe"" https://www.ceo-btt.com/
PID:2396",52.198.49.131,IpChannelEvent,TcpIpSend,2021-10-09 16:24:29.278,4624
52.198.49.131,"""C:\Program Files\Mozilla Firefox\firefox.exe"" https://www.ceo-btt.com/
PID:2396",IpChannelEvent,TcpIpRecv,2021-10-09 16:24:29.278,18977
C:\Users\jpdz\AppData\Roaming\Mozilla\Firefox\Profiles\uzjxbbj5.default-release\addons.json,"""C:\Program Files\Mozilla Firefox\firefox.exe"" https://www.ceo-btt.com/
PID:2396",FileEvent,Read,2021-10-09 16:24:09.314,1022
"""C:\Program Files\Mozilla Firefox\firefox.exe"" https://www.ceo-btt.com/
PID:2396",C:\Users\jpdz\AppData\Roaming\Mozilla\Firefox\Profiles\uzjxbbj5.default-release\datareporting\glean\tmp\fbd99077-68a0-43af-8686-528bcd6fe647,FileEvent,Write,2021-10-09 16:24:10.898,4416
C:\Users\jpdz\AppData\Local\Mozilla\Firefox\Profiles\uzjxbbj5.default-release\safebrowsing\ads-track-digest256.sbstore,"""C:\Program Files\Mozilla Firefox\firefox.exe"" https://www.ceo-btt.com/
PID:2396",FileEvent,Read,2021-10-09 16:24:09.260,2019
"""C:\Program Files\Mozilla Firefox\firefox.exe"" https://www.ceo-btt.com/
PID:2396",117.18.237.29,IpChannelEvent,TcpIpConnect,2021-10-09 16:24:32.612,0
117.18.237.29,"""C:\Program Files\Mozilla Firefox\firefox.exe"" https://www.ceo-btt.com/
PID:2396",IpChannelEvent,TcpIpRecv,2021-10-09 16:24:32.669,799
"""C:\Program Files\Mozilla Firefox\firefox.exe"" https://www.ceo-btt.com/
PID:2396",117.18.237.29,IpChannelEvent,TcpIpSend,2021-10-09 16:24:32.669,456
"""C:\Program Files\Mozilla Firefox\firefox.exe"" https://www.ceo-btt.com/
PID:2396",104.18.24.13,IpChannelEvent,TcpIpConnect,2021-10-09 16:24:27.562,0
104.18.24.13,"""C:\Program Files\Mozilla Firefox\firefox.exe"" https://www.ceo-btt.com/
PID:2396",IpChannelEvent,TcpIpRecv,2021-10-09 16:24:27.738,124907
"""C:\Program Files\Mozilla Firefox\firefox.exe"" https://www.ceo-btt.com/
PID:2396",104.18.24.13,IpChannelEvent,TcpIpSend,2021-10-09 16:24:27.738,1077
C:\Program Files\Mozilla Firefox\api-ms-win-crt-filesystem-l1-1-0.dll,"""C:\Program Files\Mozilla Firefox\firefox.exe"" https://www.ceo-btt.com/
PID:2396",FileEvent,Read,2021-10-09 16:24:07.916,65536
"""C:\Program Files\Mozilla Firefox\firefox.exe"" https://www.ceo-btt.com/
PID:2396",C:\Users\jpdz\AppData\Roaming\Mozilla\Firefox\Profiles\uzjxbbj5.default-release\storage\permanent\chrome\idb\2918063365piupsah.sqlite-wal,FileEvent,Delete,2021-10-09 16:24:09.190,0
"""C:\Program Files\Mozilla Firefox\firefox.exe"" https://www.ceo-btt.com/
PID:2396",C:\Users\jpdz\AppData\Roaming\Mozilla\Firefox\Profiles\uzjxbbj5.default-release\storage\permanent\chrome\idb\2918063365piupsah.sqlite-wal,FileEvent,Delete,2021-10-09 16:24:23.591,0
C:\Users\jpdz\AppData\Roaming\Microsoft\Network\Connections\Pbk\_hiddenPbk\rasphone.pbk,"""C:\Program Files\Mozilla Firefox\firefox.exe"" https://www.ceo-btt.com/
PID:2396",FileEvent,Read,2021-10-09 16:24:08.285,2048
"""C:\Program Files\Mozilla Firefox\firefox.exe"" https://www.ceo-btt.com/
PID:2396",C:\Users\jpdz\AppData\Roaming\Mozilla\Firefox\Profiles\uzjxbbj5.default-release\datareporting\glean\pending_pings\fbd99077-68a0-43af-8686-528bcd6fe647,FileEvent,Delete,2021-10-09 16:24:11.173,0
C:\Users\jpdz\AppData\Roaming\Mozilla\Firefox\Profiles\uzjxbbj5.default-release\datareporting\glean\pending_pings\fbd99077-68a0-43af-8686-528bcd6fe647,"""C:\Program Files\Mozilla Firefox\firefox.exe"" https://www.ceo-btt.com/
PID:2396",FileEvent,Read,2021-10-09 16:24:10.898,49152
"""C:\Program Files\Mozilla Firefox\firefox.exe"" https://www.ceo-btt.com/
PID:2396",23.200.148.171,IpChannelEvent,TcpIpConnect,2021-10-09 16:24:27.563,0
23.200.148.171,"""C:\Program Files\Mozilla Firefox\firefox.exe"" https://www.ceo-btt.com/
PID:2396",IpChannelEvent,TcpIpRecv,2021-10-09 16:24:27.607,3919
"""C:\Program Files\Mozilla Firefox\firefox.exe"" https://www.ceo-btt.com/
PID:2396",23.200.148.171,IpChannelEvent,TcpIpSend,2021-10-09 16:24:27.607,1424
"""C:\Program Files\Mozilla Firefox\firefox.exe"" https://www.ceo-btt.com/
PID:2396",203.208.40.101,IpChannelEvent,TcpIpConnect,2021-10-09 16:24:27.381,0
"""C:\Program Files\Mozilla Firefox\firefox.exe"" https://www.ceo-btt.com/
PID:2396",203.208.40.101,IpChannelEvent,TcpIpDisconnect,2021-10-09 16:24:28.568,0
"""C:\Program Files\Mozilla Firefox\firefox.exe"" https://www.ceo-btt.com/
PID:2396",203.208.40.101,IpChannelEvent,TcpIpSend,2021-10-09 16:24:27.488,1468
203.208.40.101,"""C:\Program Files\Mozilla Firefox\firefox.exe"" https://www.ceo-btt.com/
PID:2396",IpChannelEvent,TcpIpRecv,2021-10-09 16:24:27.488,6098
C:\Users\jpdz\AppData\Local\Mozilla\Firefox\Profiles\uzjxbbj5.default-release\safebrowsing\social-track-digest256.sbstore,"""C:\Program Files\Mozilla Firefox\firefox.exe"" https://www.ceo-btt.com/
PID:2396",FileEvent,Read,2021-10-09 16:24:09.261,309
C:\Program Files\Mozilla Firefox\api-ms-win-crt-environment-l1-1-0.dll,"""C:\Program Files\Mozilla Firefox\firefox.exe"" https://www.ceo-btt.com/
PID:2396",FileEvent,Read,2021-10-09 16:24:07.916,65536
"""C:\Program Files\Mozilla Firefox\firefox.exe"" https://www.ceo-btt.com/
PID:2396",C:\Users\jpdz\AppData\Roaming\Mozilla\Firefox\Profiles\uzjxbbj5.default-release\datareporting\glean\db\data.safe.bin,FileEvent,Write,2021-10-09 16:24:10.501,2577
C:\Users\jpdz\AppData\Roaming\Mozilla\Firefox\Profiles\uzjxbbj5.default-release\datareporting\glean\db\data.safe.bin,"""C:\Program Files\Mozilla Firefox\firefox.exe"" https://www.ceo-btt.com/
PID:2396",FileEvent,Read,2021-10-09 16:24:09.324,2579
"""C:\Program Files\Mozilla Firefox\firefox.exe"" https://www.ceo-btt.com/
PID:2396",C:\Users\jpdz\AppData\Roaming\Mozilla\Firefox\Profiles\uzjxbbj5.default-release\datareporting\glean\db\data.safe.bin,FileEvent,Write,2021-10-09 16:24:10.865,44116
C:\Users\jpdz\AppData\Roaming\Mozilla\Firefox\Profiles\uzjxbbj5.default-release\storage\permanent\chrome\idb\2918063365piupsah.sqlite,"""C:\Program Files\Mozilla Firefox\firefox.exe"" https://www.ceo-btt.com/
PID:2396",FileEvent,Read,2021-10-09 16:24:09.189,37064
C:\Users\jpdz\AppData\Roaming\Mozilla\Firefox\Profiles\uzjxbbj5.default-release\storage\permanent\chrome\idb\2918063365piupsah.sqlite,"""C:\Program Files\Mozilla Firefox\firefox.exe"" https://www.ceo-btt.com/
PID:2396",FileEvent,Read,2021-10-09 16:24:11.589,4096
"""C:\Program Files\Mozilla Firefox\firefox.exe"" https://www.ceo-btt.com/
PID:2396","""C:\Program Files\Mozilla Firefox\firefox.exe"" -contentproc --channel=""2396.1.112273211\580932147"" -childID 1 -isForBrowser -prefsHandle 1760 -prefMapHandle 1776 -prefsLen 3677 -prefMapSize 252743 -jsInit 840 286204 -parentBuildID 20210927210923 -appdir ""C:\Program Files\Mozilla Firefox\browser"" - 2396 ""\\.\pipe\gecko-crash-server-pipe.2396"" 1752 16481a38 tab
PID:2200",ProcessEvent,Create,2021-10-09 16:24:08.343,
C:\Users\jpdz\AppData\Roaming\Mozilla\Firefox\profiles.ini,"""C:\Program Files\Mozilla Firefox\firefox.exe"" https://www.ceo-btt.com/
PID:2396",FileEvent,Read,2021-10-09 16:24:07.977,305
"""C:\Program Files\Mozilla Firefox\firefox.exe"" https://www.ceo-btt.com/
PID:2396",117.18.237.29,IpChannelEvent,TcpIpConnect,2021-10-09 16:24:12.744,0
117.18.237.29,"""C:\Program Files\Mozilla Firefox\firefox.exe"" https://www.ceo-btt.com/
PID:2396",IpChannelEvent,TcpIpRecv,2021-10-09 16:24:12.782,3994
"""C:\Program Files\Mozilla Firefox\firefox.exe"" https://www.ceo-btt.com/
PID:2396",117.18.237.29,IpChannelEvent,TcpIpSend,2021-10-09 16:24:12.755,2280
C:\Users\jpdz\AppData\Local\Mozilla\Firefox\Profiles\uzjxbbj5.default-release\safebrowsing\except-flash-digest256.sbstore,"""C:\Program Files\Mozilla Firefox\firefox.exe"" https://www.ceo-btt.com/
PID:2396",FileEvent,Read,2021-10-09 16:24:09.261,240
C:\Users\jpdz\AppData\Local\Mozilla\Firefox\Profiles\uzjxbbj5.default-release\safebrowsing\except-flash-digest256.vlpset,"""C:\Program Files\Mozilla Firefox\firefox.exe"" https://www.ceo-btt.com/
PID:2396",FileEvent,Read,2021-10-09 16:24:09.21,101
C:\Users\jpdz\AppData\Local\Mozilla\Firefox\Profiles\uzjxbbj5.default-release\safebrowsing\google4\goog-downloadwhite-proto.metadata,"""C:\Program Files\Mozilla Firefox\firefox.exe"" https://www.ceo-btt.com/
PID:2396",FileEvent,Read,2021-10-09 16:24:09.262,69
"""C:\Program Files\Mozilla Firefox\firefox.exe"" https://www.ceo-btt.com/
PID:2396",52.223.2.229,IpChannelEvent,TcpIpConnect,2021-10-09 16:24:32.227,0
52.223.2.229,"""C:\Program Files\Mozilla Firefox\firefox.exe"" https://www.ceo-btt.com/
PID:2396",IpChannelEvent,TcpIpRecv,2021-10-09 16:24:32.349,6366
"""C:\Program Files\Mozilla Firefox\firefox.exe"" https://www.ceo-btt.com/
PID:2396",52.223.2.229,IpChannelEvent,TcpIpSend,2021-10-09 16:24:32.349,1388
"""C:\Program Files\Mozilla Firefox\firefox.exe"" https://www.ceo-btt.com/
PID:2396",203.208.40.97,IpChannelEvent,TcpIpConnect,2021-10-09 16:24:28.3,0
"""C:\Program Files\Mozilla Firefox\firefox.exe"" https://www.ceo-btt.com/
PID:2396",203.208.40.97,IpChannelEvent,TcpIpDisconnect,2021-10-09 16:24:28.688,0
"""C:\Program Files\Mozilla Firefox\firefox.exe"" https://www.ceo-btt.com/
PID:2396",203.208.40.97,IpChannelEvent,TcpIpSend,2021-10-09 16:24:28.57,1135
203.208.40.97,"""C:\Program Files\Mozilla Firefox\firefox.exe"" https://www.ceo-btt.com/
PID:2396",IpChannelEvent,TcpIpRecv,2021-10-09 16:24:28.108,25177
"""C:\Program Files\Mozilla Firefox\firefox.exe"" https://www.ceo-btt.com/
PID:2396",C:\Users\jpdz\AppData\Roaming\Mozilla\Firefox\Profiles\uzjxbbj5.default-release\storage\permanent\chrome\idb\3870112724rsegmnoittet-es.sqlite-wal,FileEvent,Delete,2021-10-09 16:24:08.274,0
"""C:\Program Files\Mozilla Firefox\firefox.exe"" https://www.ceo-btt.com/
PID:2396",C:\Users\jpdz\AppData\Roaming\Mozilla\Firefox\Profiles\uzjxbbj5.default-release\storage\permanent\chrome\idb\3870112724rsegmnoittet-es.sqlite-wal,FileEvent,Delete,2021-10-09 16:24:33.896,0
C:\Users\jpdz\AppData\Roaming\Mozilla\Firefox\Profiles\uzjxbbj5.default-release\storage\permanent\chrome\idb\3870112724rsegmnoittet-es.sqlite-wal,"""C:\Program Files\Mozilla Firefox\firefox.exe"" https://www.ceo-btt.com/
PID:2396",FileEvent,Read,2021-10-09 16:24:18.421,221184
"""C:\Program Files\Mozilla Firefox\firefox.exe"" https://www.ceo-btt.com/
PID:2396",C:\Users\jpdz\AppData\Roaming\Mozilla\Firefox\Profiles\uzjxbbj5.default-release\storage\permanent\chrome\idb\3870112724rsegmnoittet-es.sqlite-wal,FileEvent,Write,2021-10-09 16:24:12.380,513488
"""C:\Program Files\Mozilla Firefox\firefox.exe"" https://www.ceo-btt.com/
PID:2396",C:\Users\jpdz\AppData\Roaming\Mozilla\Firefox\Profiles\uzjxbbj5.default-release\storage\permanent\chrome\idb\1657114595AmcateirvtiSty.sqlite-shm,FileEvent,Delete,2021-10-09 16:24:09.72,0
C:\Users\jpdz\AppData\Roaming\Mozilla\Firefox\Profiles\uzjxbbj5.default-release\storage\permanent\chrome\idb\1657114595AmcateirvtiSty.sqlite-shm,"""C:\Program Files\Mozilla Firefox\firefox.exe"" https://www.ceo-btt.com/
PID:2396",FileEvent,Read,2021-10-09 16:24:09.71,65536
"""C:\Program Files\Mozilla Firefox\firefox.exe"" https://www.ceo-btt.com/
PID:2396",C:\Users\jpdz\AppData\Roaming\Mozilla\Firefox\Profiles\uzjxbbj5.default-release\storage\permanent\chrome\idb\1657114595AmcateirvtiSty.sqlite-shm,FileEvent,Delete,2021-10-09 16:24:23.590,0
C:\Users\jpdz\AppData\Local\Mozilla\Firefox\Profiles\uzjxbbj5.default-release\safebrowsing\social-tracking-protection-facebook-digest256.sbstore,"""C:\Program Files\Mozilla Firefox\firefox.exe"" https://www.ceo-btt.com/
PID:2396",FileEvent,Read,2021-10-09 16:24:09.261,256
"""C:\Program Files\Mozilla Firefox\firefox.exe"" https://www.ceo-btt.com/
PID:2396",C:\Users\jpdz\AppData\Roaming\Mozilla\Firefox\Profiles\uzjxbbj5.default-release\addonStartup.json.lz4.tmp,FileEvent,Write,2021-10-09 16:24:11.685,11178
"""C:\Program Files\Mozilla Firefox\firefox.exe"" https://www.ceo-btt.com/
PID:2396",C:\Users\jpdz\AppData\Local\Mozilla\Firefox\Profiles\uzjxbbj5.default-release\cache2\entries\3B2DB0CC02AD1DD0C4C39368E12A8E60370437C4,FileEvent,Write,2021-10-09 16:24:09.289,19566
C:\Users\jpdz\AppData\Local\Mozilla\Firefox\Profiles\uzjxbbj5.default-release\cache2\entries\3B2DB0CC02AD1DD0C4C39368E12A8E60370437C4,"""C:\Program Files\Mozilla Firefox\firefox.exe"" https://www.ceo-btt.com/
PID:2396",FileEvent,Read,2021-10-09 16:24:09.287,10113
C:\Users\jpdz\AppData\Roaming\Mozilla\Firefox\Profiles\uzjxbbj5.default-release\gmp-gmpopenh264\1.8.1.1\gmpopenh264.info,"""C:\Program Files\Mozilla Firefox\firefox.exe"" https://www.ceo-btt.com/
PID:2396",FileEvent,Read,2021-10-09 16:24:08.353,116
C:\Users\jpdz\AppData\Roaming\Mozilla\Firefox\Profiles\uzjxbbj5.default-release\broadcast-listeners.json,"""C:\Program Files\Mozilla Firefox\firefox.exe"" https://www.ceo-btt.com/
PID:2396",FileEvent,Read,2021-10-09 16:24:09.242,216
"""C:\Program Files\Mozilla Firefox\firefox.exe"" https://www.ceo-btt.com/
PID:2396",172.217.160.83,IpChannelEvent,TcpIpConnect,2021-10-09 16:24:28.642,0
"""C:\Program Files\Mozilla Firefox\firefox.exe"" https://www.ceo-btt.com/
PID:2396",172.217.160.83,IpChannelEvent,TcpIpDisconnect,2021-10-09 16:24:29.875,0
172.217.160.83,"""C:\Program Files\Mozilla Firefox\firefox.exe"" https://www.ceo-btt.com/
PID:2396",IpChannelEvent,TcpIpRecv,2021-10-09 16:24:28.708,4994
"""C:\Program Files\Mozilla Firefox\firefox.exe"" https://www.ceo-btt.com/
PID:2396",172.217.160.83,IpChannelEvent,TcpIpSend,2021-10-09 16:24:28.708,100150
C:\Program Files\Mozilla Firefox\api-ms-win-crt-string-l1-1-0.dll,"""C:\Program Files\Mozilla Firefox\firefox.exe"" https://www.ceo-btt.com/
PID:2396",FileEvent,Read,2021-10-09 16:24:07.916,65536
"""C:\Program Files\Mozilla Firefox\firefox.exe"" https://www.ceo-btt.com/
PID:2396","""C:\Program Files\Mozilla Firefox\firefox.exe"" -contentproc --channel=""2396.3.298518820\208589793"" -childID 2 -isForBrowser -prefsHandle 1612 -prefMapHandle 2672 -prefsLen 9000 -prefMapSize 252743 -jsInit 840 286204 -parentBuildID 20210927210923 -appdir ""C:\Program Files\Mozilla Firefox\browser"" - 2396 ""\\.\pipe\gecko-crash-server-pipe.2396"" 2676 16fd74f8 tab
PID:584",ProcessEvent,Create,2021-10-09 16:24:09.83,
"""C:\Program Files\Mozilla Firefox\firefox.exe"" https://www.ceo-btt.com/
PID:2396",115.157.63.19,IpChannelEvent,TcpIpConnect,2021-10-09 16:24:08.515,0
"""C:\Program Files\Mozilla Firefox\firefox.exe"" https://www.ceo-btt.com/
PID:2396",115.157.63.19,IpChannelEvent,TcpIpSend,2021-10-09 16:24:08.543,1259
115.157.63.19,"""C:\Program Files\Mozilla Firefox\firefox.exe"" https://www.ceo-btt.com/
PID:2396",IpChannelEvent,TcpIpRecv,2021-10-09 16:24:08.543,4409
"""C:\Program Files\Mozilla Firefox\firefox.exe"" https://www.ceo-btt.com/
PID:2396",52.33.128.245,IpChannelEvent,TcpIpConnect,2021-10-09 16:24:09.460,0
52.33.128.245,"""C:\Program Files\Mozilla Firefox\firefox.exe"" https://www.ceo-btt.com/
PID:2396",IpChannelEvent,TcpIpRecv,2021-10-09 16:24:09.666,3393
"""C:\Program Files\Mozilla Firefox\firefox.exe"" https://www.ceo-btt.com/
PID:2396",52.33.128.245,IpChannelEvent,TcpIpSend,2021-10-09 16:24:09.498,517
"""C:\Program Files\Mozilla Firefox\firefox.exe"" https://www.ceo-btt.com/
PID:2396",52.33.128.245,IpChannelEvent,TcpIpSend,2021-10-09 16:24:10.975,939
52.33.128.245,"""C:\Program Files\Mozilla Firefox\firefox.exe"" https://www.ceo-btt.com/
PID:2396",IpChannelEvent,TcpIpRecv,2021-10-09 16:24:11.95,408
"""C:\Program Files\Mozilla Firefox\firefox.exe"" https://www.ceo-btt.com/
PID:2396",C:\Users\jpdz\AppData\Local\Mozilla\Firefox\Profiles\uzjxbbj5.default-release\cache2\entries\FA276985325B824DE258AFC8AE5E4A2589B9B55A,FileEvent,Write,2021-10-09 16:24:11.407,17434
C:\Users\jpdz\AppData\Local\Mozilla\Firefox\Profiles\uzjxbbj5.default-release\cache2\entries\58076067EBEB56951E5BA3FCA84F5F2CE2203F7A,"""C:\Program Files\Mozilla Firefox\firefox.exe"" https://www.ceo-btt.com/
PID:2396",FileEvent,Read,2021-10-09 16:24:08.437,14191
"""C:\Program Files\Mozilla Firefox\firefox.exe"" https://www.ceo-btt.com/
PID:2396",C:\Users\jpdz\AppData\Local\Mozilla\Firefox\Profiles\uzjxbbj5.default-release\cache2\entries\58076067EBEB56951E5BA3FCA84F5F2CE2203F7A,FileEvent,Write,2021-10-09 16:24:08.447,17686
C:\Users\jpdz\AppData\Local\Mozilla\Firefox\Profiles\uzjxbbj5.default-release\cache2\entries\58076067EBEB56951E5BA3FCA84F5F2CE2203F7A,"""C:\Program Files\Mozilla Firefox\firefox.exe"" https://www.ceo-btt.com/
PID:2396",FileEvent,Read,2021-10-09 16:24:12.647,10696
"""C:\Program Files\Mozilla Firefox\firefox.exe"" https://www.ceo-btt.com/
PID:2396",C:\Users\jpdz\AppData\Local\Mozilla\Firefox\Profiles\uzjxbbj5.default-release\cache2\entries\58076067EBEB56951E5BA3FCA84F5F2CE2203F7A,FileEvent,Write,2021-10-09 16:24:12.854,35368
"""C:\Program Files\Mozilla Firefox\firefox.exe"" https://www.ceo-btt.com/
PID:2396",117.18.237.29,IpChannelEvent,TcpIpConnect,2021-10-09 16:24:09.286,0
117.18.237.29,"""C:\Program Files\Mozilla Firefox\firefox.exe"" https://www.ceo-btt.com/
PID:2396",IpChannelEvent,TcpIpRecv,2021-10-09 16:24:09.376,799
"""C:\Program Files\Mozilla Firefox\firefox.exe"" https://www.ceo-btt.com/
PID:2396",117.18.237.29,IpChannelEvent,TcpIpSend,2021-10-09 16:24:09.376,456
117.18.237.29,"""C:\Program Files\Mozilla Firefox\firefox.exe"" https://www.ceo-btt.com/
PID:2396",IpChannelEvent,TcpIpRecv,2021-10-09 16:24:11.79,799
"""C:\Program Files\Mozilla Firefox\firefox.exe"" https://www.ceo-btt.com/
PID:2396",117.18.237.29,IpChannelEvent,TcpIpSend,2021-10-09 16:24:11.79,456
"""C:\Program Files\Mozilla Firefox\firefox.exe"" https://www.ceo-btt.com/
PID:2396",C:\Users\jpdz\AppData\Local\Temp\firefox\parent.lock,FileEvent,Delete,2021-10-09 16:24:08.131,0
"""C:\Program Files\Mozilla Firefox\firefox.exe"" https://www.ceo-btt.com/
PID:2396",103.231.98.194,IpChannelEvent,TcpIpConnect,2021-10-09 16:24:32.617,0
"""C:\Program Files\Mozilla Firefox\firefox.exe"" https://www.ceo-btt.com/
PID:2396",103.231.98.194,IpChannelEvent,TcpIpSend,2021-10-09 16:24:32.693,1307
103.231.98.194,"""C:\Program Files\Mozilla Firefox\firefox.exe"" https://www.ceo-btt.com/
PID:2396",IpChannelEvent,TcpIpRecv,2021-10-09 16:24:32.693,4981
"""C:\Program Files\Mozilla Firefox\firefox.exe"" https://www.ceo-btt.com/
PID:2396",C:\Users\jpdz\AppData\Roaming\Mozilla\Firefox\Profiles\uzjxbbj5.default-release\prefs-1.js,FileEvent,Write,2021-10-09 16:24:09.41,28288
"""C:\Program Files\Mozilla Firefox\firefox.exe"" https://www.ceo-btt.com/
PID:2396",C:\Users\jpdz\AppData\Roaming\Mozilla\Firefox\Profiles\uzjxbbj5.default-release\prefs-1.js,FileEvent,Write,2021-10-09 16:24:10.928,141476
C:\Users\jpdz\AppData\Roaming\Mozilla\Firefox\Profiles\uzjxbbj5.default-release\storage\default\moz-extension+++7b7c287d-b9ee-4c40-99c0-63c5bd847cee^userContextId=4294967295\.metadata-v2,"""C:\Program Files\Mozilla Firefox\firefox.exe"" https://www.ceo-btt.com/
PID:2396",FileEvent,Read,2021-10-09 16:24:10.872,512
"""C:\Program Files\Mozilla Firefox\firefox.exe"" https://www.ceo-btt.com/
PID:2396",C:\Users\jpdz\AppData\Roaming\Mozilla\Firefox\Profiles\uzjxbbj5.default-release\storage\default\moz-extension+++0424fd79-b62a-421f-bf32-0d1549ab34f2^userContextId=4294967295\idb\3647222921wleabcEoxlt-eengsairo.sqlite-wal,FileEvent,Delete,2021-10-09 16:24:14.882,0
"""C:\Program Files\Mozilla Firefox\firefox.exe"" https://www.ceo-btt.com/
PID:2396",C:\Users\jpdz\AppData\Roaming\Mozilla\Firefox\Profiles\uzjxbbj5.default-release\storage\default\moz-extension+++0424fd79-b62a-421f-bf32-0d1549ab34f2^userContextId=4294967295\idb\3647222921wleabcEoxlt-eengsairo.sqlite-wal,FileEvent,Delete,2021-10-09 16:24:33.883,0
"""C:\Program Files\Mozilla Firefox\firefox.exe"" https://www.ceo-btt.com/
PID:2396",C:\Users\jpdz\AppData\Roaming\Mozilla\Firefox\Profiles\uzjxbbj5.default-release\storage\default\moz-extension+++0424fd79-b62a-421f-bf32-0d1549ab34f2^userContextId=4294967295\idb\3647222921wleabcEoxlt-eengsairo.sqlite-wal,FileEvent,Write,2021-10-09 16:24:14.887,20560
C:\Users\jpdz\AppData\Roaming\Mozilla\Firefox\Profiles\uzjxbbj5.default-release\storage\default\moz-extension+++0424fd79-b62a-421f-bf32-0d1549ab34f2^userContextId=4294967295\idb\3647222921wleabcEoxlt-eengsairo.sqlite-wal,"""C:\Program Files\Mozilla Firefox\firefox.exe"" https://www.ceo-btt.com/
PID:2396",FileEvent,Read,2021-10-09 16:24:22.268,4096
C:\Users\jpdz\AppData\Roaming\Mozilla\Firefox\Profiles\uzjxbbj5.default-release\shield-preference-experiments.json,"""C:\Program Files\Mozilla Firefox\firefox.exe"" https://www.ceo-btt.com/
PID:2396",FileEvent,Read,2021-10-09 16:24:08.409,18
C:\Program Files\Mozilla Firefox\gmp-clearkey\0.1\manifest.json,"""C:\Program Files\Mozilla Firefox\firefox.exe"" https://www.ceo-btt.com/
PID:2396",FileEvent,Read,2021-10-09 16:24:08.353,229
C:\Users\jpdz\AppData\Local\Mozilla\Firefox\Profiles\uzjxbbj5.default-release\safebrowsing\allow-flashallow-digest256.sbstore,"""C:\Program Files\Mozilla Firefox\firefox.exe"" https://www.ceo-btt.com/
PID:2396",FileEvent,Read,2021-10-09 16:24:09.260,236
C:\Users\jpdz\AppData\Roaming\Mozilla\Firefox\Profiles\uzjxbbj5.default-release\times.json,"""C:\Program Files\Mozilla Firefox\firefox.exe"" https://www.ceo-btt.com/
PID:2396",FileEvent,Read,2021-10-09 16:24:08.148,50
C:\Users\jpdz\AppData\Roaming\Mozilla\Firefox\Profiles\uzjxbbj5.default-release\storage\permanent\chrome\idb\3561288849sdhlie.sqlite,"""C:\Program Files\Mozilla Firefox\firefox.exe"" https://www.ceo-btt.com/
PID:2396",FileEvent,Read,2021-10-09 16:24:09.206,28872
C:\Users\jpdz\AppData\Roaming\Mozilla\Firefox\Profiles\uzjxbbj5.default-release\storage\permanent\chrome\idb\3561288849sdhlie.sqlite,"""C:\Program Files\Mozilla Firefox\firefox.exe"" https://www.ceo-btt.com/
PID:2396",FileEvent,Read,2021-10-09 16:24:10.899,8192
"""C:\Program Files\Mozilla Firefox\firefox.exe"" https://www.ceo-btt.com/
PID:2396",C:\Users\jpdz\AppData\Roaming\Mozilla\Firefox\Profiles\uzjxbbj5.default-release\storage\permanent\chrome\idb\2918063365piupsah.sqlite-shm,FileEvent,Delete,2021-10-09 16:24:09.190,0
C:\Users\jpdz\AppData\Roaming\Mozilla\Firefox\Profiles\uzjxbbj5.default-release\storage\permanent\chrome\idb\2918063365piupsah.sqlite-shm,"""C:\Program Files\Mozilla Firefox\firefox.exe"" https://www.ceo-btt.com/
PID:2396",FileEvent,Read,2021-10-09 16:24:09.190,65536
"""C:\Program Files\Mozilla Firefox\firefox.exe"" https://www.ceo-btt.com/
PID:2396",C:\Users\jpdz\AppData\Roaming\Mozilla\Firefox\Profiles\uzjxbbj5.default-release\storage\permanent\chrome\idb\2918063365piupsah.sqlite-shm,FileEvent,Delete,2021-10-09 16:24:23.591,0
C:\Program Files\Mozilla Firefox\defaults\pref\channel-prefs.js,"""C:\Program Files\Mozilla Firefox\firefox.exe"" https://www.ceo-btt.com/
PID:2396",FileEvent,Read,2021-10-09 16:24:07.983,429
C:\Users\jpdz\AppData\Roaming\Mozilla\Firefox\Profiles\uzjxbbj5.default-release\compatibility.ini,"""C:\Program Files\Mozilla Firefox\firefox.exe"" https://www.ceo-btt.com/
PID:2396",FileEvent,Read,2021-10-09 16:24:07.978,194
C:\Users\jpdz\AppData\Local\Mozilla\Firefox\Profiles\uzjxbbj5.default-release\cache2\index.tmp,"""C:\Program Files\Mozilla Firefox\firefox.exe"" https://www.ceo-btt.com/
PID:2396",FileEvent,Read,2021-10-09 16:24:08.122,1439
C:\Users\jpdz\AppData\Roaming\Mozilla\Firefox\Profiles\uzjxbbj5.default-release\storage\permanent\chrome\idb\3870112724rsegmnoittet-es.sqlite,"""C:\Program Files\Mozilla Firefox\firefox.exe"" https://www.ceo-btt.com/
PID:2396",FileEvent,Read,2021-10-09 16:24:08.272,430280
"""C:\Program Files\Mozilla Firefox\firefox.exe"" https://www.ceo-btt.com/
PID:2396",C:\Users\jpdz\AppData\Roaming\Mozilla\Firefox\Profiles\uzjxbbj5.default-release\storage\permanent\chrome\idb\3870112724rsegmnoittet-es.sqlite,FileEvent,Write,2021-10-09 16:24:18.421,225280
C:\Users\jpdz\AppData\Roaming\Mozilla\Firefox\Profiles\uzjxbbj5.default-release\storage\permanent\chrome\idb\3870112724rsegmnoittet-es.sqlite,"""C:\Program Files\Mozilla Firefox\firefox.exe"" https://www.ceo-btt.com/
PID:2396",FileEvent,Read,2021-10-09 16:24:12.82,925696
C:\Users\jpdz\AppData\Local\Mozilla\Firefox\Profiles\uzjxbbj5.default-release\safebrowsing\except-flashallow-digest256.vlpset,"""C:\Program Files\Mozilla Firefox\firefox.exe"" https://www.ceo-btt.com/
PID:2396",FileEvent,Read,2021-10-09 16:24:09.21,69
"""C:\Program Files\Mozilla Firefox\firefox.exe"" https://www.ceo-btt.com/
PID:2396",C:\Users\jpdz\AppData\Roaming\Mozilla\Firefox\Profiles\uzjxbbj5.default-release\storage\default\moz-extension+++0424fd79-b62a-421f-bf32-0d1549ab34f2^userContextId=4294967295\.metadata-v2,FileEvent,Write,2021-10-09 16:24:14.880,8
C:\Users\jpdz\AppData\Roaming\Mozilla\Firefox\Profiles\uzjxbbj5.default-release\storage\default\moz-extension+++0424fd79-b62a-421f-bf32-0d1549ab34f2^userContextId=4294967295\.metadata-v2,"""C:\Program Files\Mozilla Firefox\firefox.exe"" https://www.ceo-btt.com/
PID:2396",FileEvent,Read,2021-10-09 16:24:10.871,512
C:\Users\jpdz\AppData\Local\Mozilla\Firefox\Profiles\uzjxbbj5.default-release\safebrowsing\social-tracking-protection-twitter-digest256.vlpset,"""C:\Program Files\Mozilla Firefox\firefox.exe"" https://www.ceo-btt.com/
PID:2396",FileEvent,Read,2021-10-09 16:24:09.30,229
"""C:\Program Files\Mozilla Firefox\firefox.exe"" https://www.ceo-btt.com/
PID:2396",54.238.137.51,IpChannelEvent,TcpIpConnect,2021-10-09 16:24:32.277,0
"""C:\Program Files\Mozilla Firefox\firefox.exe"" https://www.ceo-btt.com/
PID:2396",54.238.137.51,IpChannelEvent,TcpIpSend,2021-10-09 16:24:32.361,1480
54.238.137.51,"""C:\Program Files\Mozilla Firefox\firefox.exe"" https://www.ceo-btt.com/
PID:2396",IpChannelEvent,TcpIpRecv,2021-10-09 16:24:32.376,6186
"""C:\Program Files\Mozilla Firefox\firefox.exe"" https://www.ceo-btt.com/
PID:2396",52.84.228.114,IpChannelEvent,TcpIpConnect,2021-10-09 16:24:28.111,0
"""C:\Program Files\Mozilla Firefox\firefox.exe"" https://www.ceo-btt.com/
PID:2396",52.84.228.114,IpChannelEvent,TcpIpSend,2021-10-09 16:24:28.188,2891
52.84.228.114,"""C:\Program Files\Mozilla Firefox\firefox.exe"" https://www.ceo-btt.com/
PID:2396",IpChannelEvent,TcpIpRecv,2021-10-09 16:24:28.188,29499
C:\Users\jpdz\AppData\Local\Mozilla\Firefox\Profiles\uzjxbbj5.default-release\activity-stream.discovery_stream.json,"""C:\Program Files\Mozilla Firefox\firefox.exe"" https://www.ceo-btt.com/
PID:2396",FileEvent,Read,2021-10-09 16:24:09.141,61086
"""C:\Program Files\Mozilla Firefox\firefox.exe"" https://www.ceo-btt.com/
PID:2396",99.84.198.85,IpChannelEvent,TcpIpConnect,2021-10-09 16:24:14.954,0
"""C:\Program Files\Mozilla Firefox\firefox.exe"" https://www.ceo-btt.com/
PID:2396",99.84.198.85,IpChannelEvent,TcpIpSend,2021-10-09 16:24:15.13,1071
99.84.198.85,"""C:\Program Files\Mozilla Firefox\firefox.exe"" https://www.ceo-btt.com/
PID:2396",IpChannelEvent,TcpIpRecv,2021-10-09 16:24:15.151,30531
"""C:\Program Files\Mozilla Firefox\firefox.exe"" https://www.ceo-btt.com/
PID:2396",23.215.177.42,IpChannelEvent,TcpIpConnect,2021-10-09 16:24:11.116,0
"""C:\Program Files\Mozilla Firefox\firefox.exe"" https://www.ceo-btt.com/
PID:2396",23.215.177.42,IpChannelEvent,TcpIpSend,2021-10-09 16:24:11.252,455
23.215.177.42,"""C:\Program Files\Mozilla Firefox\firefox.exe"" https://www.ceo-btt.com/
PID:2396",IpChannelEvent,TcpIpRecv,2021-10-09 16:24:11.523,889
"""C:\Program Files\Mozilla Firefox\firefox.exe"" https://www.ceo-btt.com/
PID:2396",125.220.192.143,IpChannelEvent,TcpIpConnect,2021-10-09 16:24:14.595,0
"""C:\Program Files\Mozilla Firefox\firefox.exe"" https://www.ceo-btt.com/
PID:2396",125.220.192.143,IpChannelEvent,TcpIpDisconnect,2021-10-09 16:24:14.655,0
"""C:\Program Files\Mozilla Firefox\firefox.exe"" https://www.ceo-btt.com/
PID:2396",125.220.192.143,IpChannelEvent,TcpIpSend,2021-10-09 16:24:14.628,811
125.220.192.143,"""C:\Program Files\Mozilla Firefox\firefox.exe"" https://www.ceo-btt.com/
PID:2396",IpChannelEvent,TcpIpRecv,2021-10-09 16:24:14.628,4426
C:\ProgramData\Mozilla\updates\308046B0AF4A39CB\update-config.json,"""C:\Program Files\Mozilla Firefox\firefox.exe"" https://www.ceo-btt.com/
PID:2396",FileEvent,Read,2021-10-09 16:24:08.155,309
"""C:\Program Files\Mozilla Firefox\firefox.exe"" https://www.ceo-btt.com/
PID:2396",C:\ProgramData\Mozilla\updates\308046B0AF4A39CB\update-config.json,FileEvent,Write,2021-10-09 16:24:10.501,103
C:\ProgramData\Mozilla\updates\308046B0AF4A39CB\update-config.json,"""C:\Program Files\Mozilla Firefox\firefox.exe"" https://www.ceo-btt.com/
PID:2396",FileEvent,Read,2021-10-09 16:24:10.853,206
C:\Program Files\Mozilla Firefox\firefox.exe,"""C:\Program Files\Mozilla Firefox\firefox.exe"" https://www.ceo-btt.com/
PID:2396",FileEvent,Read,2021-10-09 16:24:08.31,4120
C:\Program Files\Mozilla Firefox\firefox.exe,"""C:\Program Files\Mozilla Firefox\firefox.exe"" https://www.ceo-btt.com/
PID:2396",FileEvent,Read,2021-10-09 16:24:10.908,1032
"""C:\Program Files\Mozilla Firefox\firefox.exe"" https://www.ceo-btt.com/
PID:2396",C:\Users\jpdz\AppData\Local\Mozilla\Firefox\Profiles\uzjxbbj5.default-release\startupCache\urlCache-new.bin,FileEvent,Write,2021-10-09 16:24:19.350,6632
"""C:\Program Files\Mozilla Firefox\firefox.exe"" https://www.ceo-btt.com/
PID:2396",C:\Users\jpdz\AppData\Local\Mozilla\Firefox\Profiles\uzjxbbj5.default-release\cache2\entries\3D42EF5BD2EAAF800CC60C4BDA131732DE5DEDCF,FileEvent,Write,2021-10-09 16:24:12.91,40811
"""C:\Program Files\Mozilla Firefox\firefox.exe"" https://www.ceo-btt.com/
PID:2396",172.217.160.83,IpChannelEvent,TcpIpConnect,2021-10-09 16:24:29.878,0
"""C:\Program Files\Mozilla Firefox\firefox.exe"" https://www.ceo-btt.com/
PID:2396",172.217.160.83,IpChannelEvent,TcpIpDisconnect,2021-10-09 16:24:30.267,0
"""C:\Program Files\Mozilla Firefox\firefox.exe"" https://www.ceo-btt.com/
PID:2396",172.217.160.83,IpChannelEvent,TcpIpSend,2021-10-09 16:24:29.947,792
172.217.160.83,"""C:\Program Files\Mozilla Firefox\firefox.exe"" https://www.ceo-btt.com/
PID:2396",IpChannelEvent,TcpIpRecv,2021-10-09 16:24:29.947,4759
"""C:\Program Files\Mozilla Firefox\firefox.exe"" https://www.ceo-btt.com/
PID:2396",99.84.198.99,IpChannelEvent,TcpIpConnect,2021-10-09 16:24:27.563,0
"""C:\Program Files\Mozilla Firefox\firefox.exe"" https://www.ceo-btt.com/
PID:2396",99.84.198.99,IpChannelEvent,TcpIpSend,2021-10-09 16:24:27.760,1062
99.84.198.99,"""C:\Program Files\Mozilla Firefox\firefox.exe"" https://www.ceo-btt.com/
PID:2396",IpChannelEvent,TcpIpRecv,2021-10-09 16:24:27.760,33342
"""C:\Program Files\Mozilla Firefox\firefox.exe"" https://www.ceo-btt.com/
PID:2396",52.84.228.114,IpChannelEvent,TcpIpConnect,2021-10-09 16:24:29.133,0
"""C:\Program Files\Mozilla Firefox\firefox.exe"" https://www.ceo-btt.com/
PID:2396",52.84.228.114,IpChannelEvent,TcpIpSend,2021-10-09 16:24:29.210,1463
52.84.228.114,"""C:\Program Files\Mozilla Firefox\firefox.exe"" https://www.ceo-btt.com/
PID:2396",IpChannelEvent,TcpIpRecv,2021-10-09 16:24:29.210,7288
"""C:\Program Files\Mozilla Firefox\firefox.exe"" https://www.ceo-btt.com/
PID:2396",C:\Users\jpdz\AppData\Local\Mozilla\Firefox\Profiles\uzjxbbj5.default-release\cache2\entries\4828AA32B0B6B9347099E59D80DBD9EAD592EAF7,FileEvent,Write,2021-10-09 16:24:13.4,57865
C:\Windows\system32\spool\drivers\color\sRGB Color Space Profile.icm,"""C:\Program Files\Mozilla Firefox\firefox.exe"" https://www.ceo-btt.com/
PID:2396",FileEvent,Read,2021-10-09 16:24:08.34,4096
C:\Users\jpdz\AppData\Local\Mozilla\Firefox\Profiles\uzjxbbj5.default-release\safebrowsing\mozplugin-block-digest256.vlpset,"""C:\Program Files\Mozilla Firefox\firefox.exe"" https://www.ceo-btt.com/
PID:2396",FileEvent,Read,2021-10-09 16:24:09.29,3045
C:\Users\jpdz\AppData\Roaming\Mozilla\Firefox\Profiles\uzjxbbj5.default-release\storage\permanent\chrome\idb\1657114595AmcateirvtiSty.sqlite,"""C:\Program Files\Mozilla Firefox\firefox.exe"" https://www.ceo-btt.com/
PID:2396",FileEvent,Read,2021-10-09 16:24:09.70,57644
C:\Windows\Prefetch\FIREFOX.EXE-A606B53C.pf,"""C:\Program Files\Mozilla Firefox\firefox.exe"" https://www.ceo-btt.com/
PID:2396",FileEvent,Read,2021-10-09 16:24:07.907,61006
C:\Users\jpdz\AppData\Roaming\Mozilla\Firefox\Profiles\uzjxbbj5.default-release\sessionCheckpoints.json,"""C:\Program Files\Mozilla Firefox\firefox.exe"" https://www.ceo-btt.com/
PID:2396",FileEvent,Read,2021-10-09 16:24:08.119,241
"""C:\Program Files\Mozilla Firefox\firefox.exe"" https://www.ceo-btt.com/
PID:2396",104.18.30.182,IpChannelEvent,TcpIpConnect,2021-10-09 16:24:33.73,0
"""C:\Program Files\Mozilla Firefox\firefox.exe"" https://www.ceo-btt.com/
PID:2396",104.18.30.182,IpChannelEvent,TcpIpSend,2021-10-09 16:24:33.112,455
104.18.30.182,"""C:\Program Files\Mozilla Firefox\firefox.exe"" https://www.ceo-btt.com/
PID:2396",IpChannelEvent,TcpIpRecv,2021-10-09 16:24:33.377,938
C:\Users\jpdz\AppData\Local\Mozilla\Firefox\Profiles\uzjxbbj5.default-release\safebrowsing\base-fingerprinting-track-digest256.sbstore,"""C:\Program Files\Mozilla Firefox\firefox.exe"" https://www.ceo-btt.com/
PID:2396",FileEvent,Read,2021-10-09 16:24:09.260,359
C:\Users\jpdz\AppData\Local\Mozilla\Firefox\Profiles\uzjxbbj5.default-release\safebrowsing\google4\goog-phish-proto.metadata,"""C:\Program Files\Mozilla Firefox\firefox.exe"" https://www.ceo-btt.com/
PID:2396",FileEvent,Read,2021-10-09 16:24:09.262,71
C:\Users\jpdz\AppData\Roaming\Mozilla\Firefox\Profiles\UZJXBB~1.DEF\key4.db,"""C:\Program Files\Mozilla Firefox\firefox.exe"" https://www.ceo-btt.com/
PID:2396",FileEvent,Read,2021-10-09 16:24:08.267,131332
C:\Users\jpdz\AppData\Roaming\Mozilla\Firefox\Profiles\UZJXBB~1.DEF\key4.db,"""C:\Program Files\Mozilla Firefox\firefox.exe"" https://www.ceo-btt.com/
PID:2396",FileEvent,Read,2021-10-09 16:24:10.890,64
"""C:\Program Files\Mozilla Firefox\firefox.exe"" https://www.ceo-btt.com/
PID:2396",190.115.18.174,IpChannelEvent,TcpIpConnect,2021-10-09 16:24:09.465,0
"""C:\Program Files\Mozilla Firefox\firefox.exe"" https://www.ceo-btt.com/
PID:2396",190.115.18.174,IpChannelEvent,TcpIpSend,2021-10-09 16:24:09.498,517
190.115.18.174,"""C:\Program Files\Mozilla Firefox\firefox.exe"" https://www.ceo-btt.com/
PID:2396",IpChannelEvent,TcpIpRecv,2021-10-09 16:24:09.507,4578
190.115.18.174,"""C:\Program Files\Mozilla Firefox\firefox.exe"" https://www.ceo-btt.com/
PID:2396",IpChannelEvent,TcpIpRecv,2021-10-09 16:24:11.721,56473
"""C:\Program Files\Mozilla Firefox\firefox.exe"" https://www.ceo-btt.com/
PID:2396",190.115.18.174,IpChannelEvent,TcpIpSend,2021-10-09 16:24:11.685,1006
C:\Users\jpdz\AppData\Roaming\Mozilla\Firefox\Profiles\uzjxbbj5.default-release\extensions.json,"""C:\Program Files\Mozilla Firefox\firefox.exe"" https://www.ceo-btt.com/
PID:2396",FileEvent,Read,2021-10-09 16:24:08.996,57748
"""C:\Program Files\Mozilla Firefox\firefox.exe"" https://www.ceo-btt.com/
PID:2396",C:\Users\jpdz\AppData\Roaming\Mozilla\Firefox\Profiles\uzjxbbj5.default-release\storage\permanent\chrome\idb\2823318777ntouromlalnodry--naod.sqlite-wal,FileEvent,Delete,2021-10-09 16:24:12.266,0
"""C:\Program Files\Mozilla Firefox\firefox.exe"" https://www.ceo-btt.com/
PID:2396",C:\Users\jpdz\AppData\Roaming\Mozilla\Firefox\Profiles\uzjxbbj5.default-release\storage\permanent\chrome\idb\2823318777ntouromlalnodry--naod.sqlite-wal,FileEvent,Delete,2021-10-09 16:24:24.270,0
"""C:\Program Files\Mozilla Firefox\firefox.exe"" https://www.ceo-btt.com/
PID:2396",35.244.247.133,IpChannelEvent,TcpIpConnect,2021-10-09 16:24:09.249,0
35.244.247.133,"""C:\Program Files\Mozilla Firefox\firefox.exe"" https://www.ceo-btt.com/
PID:2396",IpChannelEvent,TcpIpRecv,2021-10-09 16:24:09.311,3979
"""C:\Program Files\Mozilla Firefox\firefox.exe"" https://www.ceo-btt.com/
PID:2396",35.244.247.133,IpChannelEvent,TcpIpSend,2021-10-09 16:24:09.311,1691
"""C:\Program Files\Mozilla Firefox\firefox.exe"" https://www.ceo-btt.com/
PID:2396",35.244.247.133,IpChannelEvent,TcpIpSend,2021-10-09 16:24:10.940,1852
35.244.247.133,"""C:\Program Files\Mozilla Firefox\firefox.exe"" https://www.ceo-btt.com/
PID:2396",IpChannelEvent,TcpIpRecv,2021-10-09 16:24:11.172,176
"""C:\Program Files\Mozilla Firefox\firefox.exe"" https://www.ceo-btt.com/
PID:2396",C:\Users\jpdz\AppData\Roaming\Mozilla\Firefox\Profiles\uzjxbbj5.default-release\storage\default\moz-extension+++0424fd79-b62a-421f-bf32-0d1549ab34f2^userContextId=4294967295\idb\3647222921wleabcEoxlt-eengsairo.sqlite-shm,FileEvent,Delete,2021-10-09 16:24:14.882,0
"""C:\Program Files\Mozilla Firefox\firefox.exe"" https://www.ceo-btt.com/
PID:2396",C:\Users\jpdz\AppData\Roaming\Mozilla\Firefox\Profiles\uzjxbbj5.default-release\storage\default\moz-extension+++0424fd79-b62a-421f-bf32-0d1549ab34f2^userContextId=4294967295\idb\3647222921wleabcEoxlt-eengsairo.sqlite-shm,FileEvent,Delete,2021-10-09 16:24:33.883,0
C:\Users\jpdz\AppData\Roaming\Mozilla\Firefox\Profiles\uzjxbbj5.default-release\storage\default\moz-extension+++0424fd79-b62a-421f-bf32-0d1549ab34f2^userContextId=4294967295\idb\3647222921wleabcEoxlt-eengsairo.sqlite-shm,"""C:\Program Files\Mozilla Firefox\firefox.exe"" https://www.ceo-btt.com/
PID:2396",FileEvent,Read,2021-10-09 16:24:14.881,65536
"""C:\Program Files\Mozilla Firefox\firefox.exe"" https://www.ceo-btt.com/
PID:2396",C:\Users\jpdz\AppData\Local\Mozilla\Firefox\Profiles\uzjxbbj5.default-release\startupCache\scriptCache-child-new.bin,FileEvent,Write,2021-10-09 16:24:19.365,819666
C:\Users\jpdz\AppData\Roaming\Mozilla\Firefox\Profiles\uzjxbbj5.default-release\cookies.sqlite,"""C:\Program Files\Mozilla Firefox\firefox.exe"" https://www.ceo-btt.com/
PID:2396",FileEvent,Read,2021-10-09 16:24:08.127,753864
C:\Users\jpdz\AppData\Local\Mozilla\Firefox\Profiles\uzjxbbj5.default-release\safebrowsing\social-track-digest256.vlpset,"""C:\Program Files\Mozilla Firefox\firefox.exe"" https://www.ceo-btt.com/
PID:2396",FileEvent,Read,2021-10-09 16:24:09.30,2117
C:\Users\jpdz\AppData\Roaming\Mozilla\Firefox\Profiles\uzjxbbj5.default-release\xulstore.json,"""C:\Program Files\Mozilla Firefox\firefox.exe"" https://www.ceo-btt.com/
PID:2396",FileEvent,Read,2021-10-09 16:24:08.15,453
C:\Program Files\Mozilla Firefox\dependentlibs.list,"""C:\Program Files\Mozilla Firefox\firefox.exe"" https://www.ceo-btt.com/
PID:2396",FileEvent,Read,2021-10-09 16:24:07.915,8192
C:\Program Files\Mozilla Firefox\api-ms-win-crt-convert-l1-1-0.dll,"""C:\Program Files\Mozilla Firefox\firefox.exe"" https://www.ceo-btt.com/
PID:2396",FileEvent,Read,2021-10-09 16:24:07.916,65536
"""C:\Program Files\Mozilla Firefox\firefox.exe"" https://www.ceo-btt.com/
PID:2396",103.43.89.4,IpChannelEvent,TcpIpConnect,2021-10-09 16:24:32.321,0
103.43.89.4,"""C:\Program Files\Mozilla Firefox\firefox.exe"" https://www.ceo-btt.com/
PID:2396",IpChannelEvent,TcpIpRecv,2021-10-09 16:24:32.410,4739
"""C:\Program Files\Mozilla Firefox\firefox.exe"" https://www.ceo-btt.com/
PID:2396",103.43.89.4,IpChannelEvent,TcpIpSend,2021-10-09 16:24:32.361,1688
"""C:\Program Files\Mozilla Firefox\firefox.exe"" https://www.ceo-btt.com/
PID:2396",C:\Users\jpdz\AppData\Roaming\Mozilla\Firefox\Profiles\uzjxbbj5.default-release\storage\permanent\chrome\idb\1657114595AmcateirvtiSty.sqlite-wal,FileEvent,Delete,2021-10-09 16:24:09.72,0
"""C:\Program Files\Mozilla Firefox\firefox.exe"" https://www.ceo-btt.com/
PID:2396",C:\Users\jpdz\AppData\Roaming\Mozilla\Firefox\Profiles\uzjxbbj5.default-release\storage\permanent\chrome\idb\1657114595AmcateirvtiSty.sqlite-wal,FileEvent,Delete,2021-10-09 16:24:23.590,0
"""C:\Program Files\Mozilla Firefox\firefox.exe"" https://www.ceo-btt.com/
PID:2396",203.208.40.101,IpChannelEvent,TcpIpConnect,2021-10-09 16:24:28.280,0
"""C:\Program Files\Mozilla Firefox\firefox.exe"" https://www.ceo-btt.com/
PID:2396",203.208.40.101,IpChannelEvent,TcpIpDisconnect,2021-10-09 16:24:28.649,0
203.208.40.101,"""C:\Program Files\Mozilla Firefox\firefox.exe"" https://www.ceo-btt.com/
PID:2396",IpChannelEvent,TcpIpRecv,2021-10-09 16:24:28.357,4627
"""C:\Program Files\Mozilla Firefox\firefox.exe"" https://www.ceo-btt.com/
PID:2396",203.208.40.101,IpChannelEvent,TcpIpSend,2021-10-09 16:24:28.336,792
C:\Users\jpdz\AppData\Roaming\Mozilla\Firefox\Profiles\uzjxbbj5.default-release\favicons.sqlite-shm,"""C:\Program Files\Mozilla Firefox\firefox.exe"" https://www.ceo-btt.com/
PID:2396",FileEvent,Read,2021-10-09 16:24:08.460,32768
C:\Users\jpdz\AppData\Local\Mozilla\Firefox\Profiles\uzjxbbj5.default-release\safebrowsing\google4\goog-unwanted-proto.metadata,"""C:\Program Files\Mozilla Firefox\firefox.exe"" https://www.ceo-btt.com/
PID:2396",FileEvent,Read,2021-10-09 16:24:09.262,71
"""C:\Program Files\Mozilla Firefox\firefox.exe"" https://www.ceo-btt.com/
PID:2396",C:\Users\jpdz\AppData\Local\Mozilla\Firefox\Profiles\uzjxbbj5.default-release\cache2\entries\0C549735D030748FE970F1020BD42DA999D1FF93,FileEvent,Write,2021-10-09 16:24:12.79,48333
"""C:\Program Files\Mozilla Firefox\firefox.exe"" https://www.ceo-btt.com/
PID:2396",34.107.221.82,IpChannelEvent,TcpIpConnect,2021-10-09 16:24:09.222,0
"""C:\Program Files\Mozilla Firefox\firefox.exe"" https://www.ceo-btt.com/
PID:2396",34.107.221.82,IpChannelEvent,TcpIpSend,2021-10-09 16:24:09.248,333
34.107.221.82,"""C:\Program Files\Mozilla Firefox\firefox.exe"" https://www.ceo-btt.com/
PID:2396",IpChannelEvent,TcpIpRecv,2021-10-09 16:24:09.263,302
C:\Users\jpdz\AppData\Local\Mozilla\Firefox\Profiles\uzjxbbj5.default-release\safebrowsing\except-flashsubdoc-digest256.sbstore,"""C:\Program Files\Mozilla Firefox\firefox.exe"" https://www.ceo-btt.com/
PID:2396",FileEvent,Read,2021-10-09 16:24:09.261,244
"""C:\Program Files\Mozilla Firefox\firefox.exe"" https://www.ceo-btt.com/
PID:2396",C:\Users\jpdz\AppData\Roaming\Mozilla\Firefox\Profiles\uzjxbbj5.default-release\storage\permanent\chrome\idb\3561288849sdhlie.sqlite-wal,FileEvent,Delete,2021-10-09 16:24:09.207,0
"""C:\Program Files\Mozilla Firefox\firefox.exe"" https://www.ceo-btt.com/
PID:2396",C:\Users\jpdz\AppData\Roaming\Mozilla\Firefox\Profiles\uzjxbbj5.default-release\storage\permanent\chrome\idb\3561288849sdhlie.sqlite-wal,FileEvent,Delete,2021-10-09 16:24:23.375,0
C:\Users\jpdz\AppData\Local\Mozilla\Firefox\Profiles\uzjxbbj5.default-release\safebrowsing\google4\goog-phish-proto.vlpset,"""C:\Program Files\Mozilla Firefox\firefox.exe"" https://www.ceo-btt.com/
PID:2396",FileEvent,Read,2021-10-09 16:24:09.26,393216
C:\Users\jpdz\AppData\Local\Mozilla\Firefox\Profiles\uzjxbbj5.default-release\safebrowsing\content-track-digest256.sbstore,"""C:\Program Files\Mozilla Firefox\firefox.exe"" https://www.ceo-btt.com/
PID:2396",FileEvent,Read,2021-10-09 16:24:09.261,734
"""C:\Program Files\Mozilla Firefox\firefox.exe"" https://www.ceo-btt.com/
PID:2396",C:\Users\jpdz\AppData\Roaming\Mozilla\Firefox\Profiles\uzjxbbj5.default-release\storage\permanent\chrome\idb\3870112724rsegmnoittet-es.sqlite-shm,FileEvent,Delete,2021-10-09 16:24:08.273,0
C:\Users\jpdz\AppData\Roaming\Mozilla\Firefox\Profiles\uzjxbbj5.default-release\storage\permanent\chrome\idb\3870112724rsegmnoittet-es.sqlite-shm,"""C:\Program Files\Mozilla Firefox\firefox.exe"" https://www.ceo-btt.com/
PID:2396",FileEvent,Read,2021-10-09 16:24:08.273,65536
"""C:\Program Files\Mozilla Firefox\firefox.exe"" https://www.ceo-btt.com/
PID:2396",C:\Users\jpdz\AppData\Roaming\Mozilla\Firefox\Profiles\uzjxbbj5.default-release\storage\permanent\chrome\idb\3870112724rsegmnoittet-es.sqlite-shm,FileEvent,Delete,2021-10-09 16:24:33.883,0
C:\Program Files\Mozilla Firefox\distribution\distribution.ini,"""C:\Program Files\Mozilla Firefox\firefox.exe"" https://www.ceo-btt.com/
PID:2396",FileEvent,Read,2021-10-09 16:24:08.15,2952
"""C:\Program Files\Mozilla Firefox\firefox.exe"" https://www.ceo-btt.com/
PID:2396",C:\Users\jpdz\AppData\Roaming\Mozilla\Firefox\Profiles\uzjxbbj5.default-release\storage\default\moz-extension+++0c3666b5-67b1-4855-b50d-d5fbfc0d2874^userContextId=4294967295\idb\3647222921wleabcEoxlt-eengsairo.sqlite-shm,FileEvent,Delete,2021-10-09 16:24:12.264,0
"""C:\Program Files\Mozilla Firefox\firefox.exe"" https://www.ceo-btt.com/
PID:2396",C:\Users\jpdz\AppData\Roaming\Mozilla\Firefox\Profiles\uzjxbbj5.default-release\storage\default\moz-extension+++0c3666b5-67b1-4855-b50d-d5fbfc0d2874^userContextId=4294967295\idb\3647222921wleabcEoxlt-eengsairo.sqlite-shm,FileEvent,Delete,2021-10-09 16:24:33.882,0
C:\Users\jpdz\AppData\Roaming\Mozilla\Firefox\Profiles\uzjxbbj5.default-release\storage\default\moz-extension+++0c3666b5-67b1-4855-b50d-d5fbfc0d2874^userContextId=4294967295\idb\3647222921wleabcEoxlt-eengsairo.sqlite-shm,"""C:\Program Files\Mozilla Firefox\firefox.exe"" https://www.ceo-btt.com/
PID:2396",FileEvent,Read,2021-10-09 16:24:12.263,65536
C:\Users\jpdz\AppData\Local\Mozilla\Firefox\Profiles\uzjxbbj5.default-release\startupCache\webext.sc.lz4,"""C:\Program Files\Mozilla Firefox\firefox.exe"" https://www.ceo-btt.com/
PID:2396",FileEvent,Read,2021-10-09 16:24:08.98,131881
"""C:\Program Files\Mozilla Firefox\firefox.exe"" https://www.ceo-btt.com/
PID:2396",172.217.160.83,IpChannelEvent,TcpIpConnect,2021-10-09 16:24:28.169,0
"""C:\Program Files\Mozilla Firefox\firefox.exe"" https://www.ceo-btt.com/
PID:2396",172.217.160.83,IpChannelEvent,TcpIpSend,2021-10-09 16:24:28.232,782
172.217.160.83,"""C:\Program Files\Mozilla Firefox\firefox.exe"" https://www.ceo-btt.com/
PID:2396",IpChannelEvent,TcpIpRecv,2021-10-09 16:24:28.232,4759
"""C:\Program Files\Mozilla Firefox\firefox.exe"" https://www.ceo-btt.com/
PID:2396",34.98.64.218,IpChannelEvent,TcpIpConnect,2021-10-09 16:24:32.301,0
"""C:\Program Files\Mozilla Firefox\firefox.exe"" https://www.ceo-btt.com/
PID:2396",34.98.64.218,IpChannelEvent,TcpIpSend,2021-10-09 16:24:32.361,517
C:\Program Files\Mozilla Firefox\nss3.dll,"""C:\Program Files\Mozilla Firefox\firefox.exe"" https://www.ceo-btt.com/
PID:2396",FileEvent,Read,2021-10-09 16:24:07.916,2031616
C:\Users\jpdz\AppData\Local\Mozilla\Firefox\Profiles\uzjxbbj5.default-release\safebrowsing\content-track-digest256.vlpset,"""C:\Program Files\Mozilla Firefox\firefox.exe"" https://www.ceo-btt.com/
PID:2396",FileEvent,Read,2021-10-09 16:24:09.21,15525
C:\Program Files\Mozilla Firefox\xul.dll,"""C:\Program Files\Mozilla Firefox\firefox.exe"" https://www.ceo-btt.com/
PID:2396",FileEvent,Read,2021-10-09 16:24:07.918,104333312
C:\Windows\Fonts\staticcache.dat,"""C:\Program Files\Mozilla Firefox\firefox.exe"" https://www.ceo-btt.com/
PID:2396",FileEvent,Read,2021-10-09 16:24:08.211,60
C:\Users\jpdz\AppData\Local\Mozilla\Firefox\Profiles\uzjxbbj5.default-release\safebrowsing\google4\goog-unwanted-proto.vlpset,"""C:\Program Files\Mozilla Firefox\firefox.exe"" https://www.ceo-btt.com/
PID:2396",FileEvent,Read,2021-10-09 16:24:09.29,53720
"""C:\Program Files\Mozilla Firefox\firefox.exe"" https://www.ceo-btt.com/
PID:2396",35.244.247.133,IpChannelEvent,TcpIpConnect,2021-10-09 16:24:10.979,0
"""C:\Program Files\Mozilla Firefox\firefox.exe"" https://www.ceo-btt.com/
PID:2396",35.244.247.133,IpChannelEvent,TcpIpDisconnect,2021-10-09 16:24:11.160,0
"""C:\Program Files\Mozilla Firefox\firefox.exe"" https://www.ceo-btt.com/
PID:2396",35.244.247.133,IpChannelEvent,TcpIpSend,2021-10-09 16:24:11.2,792
35.244.247.133,"""C:\Program Files\Mozilla Firefox\firefox.exe"" https://www.ceo-btt.com/
PID:2396",IpChannelEvent,TcpIpRecv,2021-10-09 16:24:11.39,4009
C:\Users\jpdz\AppData\Local\Mozilla\Firefox\Profiles\uzjxbbj5.default-release\startupCache\scriptCache-new.bin,"""C:\Program Files\Mozilla Firefox\firefox.exe"" https://www.ceo-btt.com/
PID:2396",FileEvent,Read,2021-10-09 16:24:19.359,65536
"""C:\Program Files\Mozilla Firefox\firefox.exe"" https://www.ceo-btt.com/
PID:2396",C:\Users\jpdz\AppData\Local\Mozilla\Firefox\Profiles\uzjxbbj5.default-release\startupCache\scriptCache-new.bin,FileEvent,Write,2021-10-09 16:24:19.353,9892208
C:\Users\jpdz\AppData\Roaming\Mozilla\Firefox\Profiles\uzjxbbj5.default-release\permissions.sqlite,"""C:\Program Files\Mozilla Firefox\firefox.exe"" https://www.ceo-btt.com/
PID:2396",FileEvent,Read,2021-10-09 16:24:08.80,65700
"""C:\Program Files\Mozilla Firefox\firefox.exe"" https://www.ceo-btt.com/
PID:2396",C:\Users\jpdz\AppData\Roaming\Mozilla\Firefox\Profiles\uzjxbbj5.default-release\extensions.json.tmp,FileEvent,Write,2021-10-09 16:24:12.915,57748
C:\Users\jpdz\AppData\Local\Mozilla\Firefox\Profiles\uzjxbbj5.default-release\safebrowsing\google4\goog-badbinurl-proto.metadata,"""C:\Program Files\Mozilla Firefox\firefox.exe"" https://www.ceo-btt.com/
PID:2396",FileEvent,Read,2021-10-09 16:24:09.262,71
C:\Users\jpdz\AppData\Local\Mozilla\Firefox\Profiles\uzjxbbj5.default-release\safebrowsing\block-flashsubdoc-digest256.sbstore,"""C:\Program Files\Mozilla Firefox\firefox.exe"" https://www.ceo-btt.com/
PID:2396",FileEvent,Read,2021-10-09 16:24:09.260,2576
"""C:\Program Files\Mozilla Firefox\firefox.exe"" https://www.ceo-btt.com/
PID:2396",115.157.63.19,IpChannelEvent,TcpIpConnect,2021-10-09 16:24:09.86,0
"""C:\Program Files\Mozilla Firefox\firefox.exe"" https://www.ceo-btt.com/
PID:2396",115.157.63.19,IpChannelEvent,TcpIpDisconnect,2021-10-09 16:24:09.355,0
"""C:\Program Files\Mozilla Firefox\firefox.exe"" https://www.ceo-btt.com/
PID:2396",115.157.63.19,IpChannelEvent,TcpIpSend,2021-10-09 16:24:09.118,811
115.157.63.19,"""C:\Program Files\Mozilla Firefox\firefox.exe"" https://www.ceo-btt.com/
PID:2396",IpChannelEvent,TcpIpRecv,2021-10-09 16:24:09.118,3666
C:\Users\jpdz\AppData\Roaming\Mozilla\Firefox\Profiles\uzjxbbj5.default-release\places.sqlite-shm,"""C:\Program Files\Mozilla Firefox\firefox.exe"" https://www.ceo-btt.com/
PID:2396",FileEvent,Read,2021-10-09 16:24:08.459,32768
"""C:\Program Files\Mozilla Firefox\firefox.exe"" https://www.ceo-btt.com/
PID:2396",C:\Users\jpdz\AppData\Local\Mozilla\Firefox\Profiles\uzjxbbj5.default-release\cache2\entries\D907D609A9F059A6018A22C5ED3B0D28D4AC6960,FileEvent,Write,2021-10-09 16:24:11.173,17432
C:\Users\jpdz\AppData\Local\Mozilla\Firefox\Profiles\uzjxbbj5.default-release\safebrowsing\mozplugin-block-digest256.sbstore,"""C:\Program Files\Mozilla Firefox\firefox.exe"" https://www.ceo-btt.com/
PID:2396",FileEvent,Read,2021-10-09 16:24:09.261,338
C:\Users\jpdz\AppData\Local\Mozilla\Firefox\Profiles\uzjxbbj5.default-release\safebrowsing\google4\goog-badbinurl-proto.vlpset,"""C:\Program Files\Mozilla Firefox\firefox.exe"" https://www.ceo-btt.com/
PID:2396",FileEvent,Read,2021-10-09 16:24:09.25,393216
"""C:\Program Files\Mozilla Firefox\firefox.exe"" https://www.ceo-btt.com/
PID:2396",C:\Users\jpdz\AppData\Roaming\Mozilla\Firefox\Profiles\uzjxbbj5.default-release\storage.sqlite-journal,FileEvent,Delete,2021-10-09 16:24:12.259,0
C:\Users\jpdz\AppData\Roaming\Mozilla\Firefox\Profiles\uzjxbbj5.default-release\storage.sqlite-journal,"""C:\Program Files\Mozilla Firefox\firefox.exe"" https://www.ceo-btt.com/
PID:2396",FileEvent,Read,2021-10-09 16:24:10.885,8
"""C:\Program Files\Mozilla Firefox\firefox.exe"" https://www.ceo-btt.com/
PID:2396",C:\Users\jpdz\AppData\Roaming\Mozilla\Firefox\Profiles\uzjxbbj5.default-release\storage.sqlite-journal,FileEvent,Write,2021-10-09 16:24:10.885,17492
"""C:\Program Files\Mozilla Firefox\firefox.exe"" https://www.ceo-btt.com/
PID:2396",99.84.198.85,IpChannelEvent,TcpIpConnect,2021-10-09 16:24:14.873,0
"""C:\Program Files\Mozilla Firefox\firefox.exe"" https://www.ceo-btt.com/
PID:2396",99.84.198.85,IpChannelEvent,TcpIpDisconnect,2021-10-09 16:24:16.51,0
"""C:\Program Files\Mozilla Firefox\firefox.exe"" https://www.ceo-btt.com/
PID:2396",99.84.198.85,IpChannelEvent,TcpIpSend,2021-10-09 16:24:15.13,792
99.84.198.85,"""C:\Program Files\Mozilla Firefox\firefox.exe"" https://www.ceo-btt.com/
PID:2396",IpChannelEvent,TcpIpRecv,2021-10-09 16:24:15.659,6044
C:\Users\jpdz\AppData\Local\Mozilla\Firefox\Profiles\uzjxbbj5.default-release\cache2\entries\6D89348819C8881868053197CA0754F36784BF5F,"""C:\Program Files\Mozilla Firefox\firefox.exe"" https://www.ceo-btt.com/
PID:2396",FileEvent,Read,2021-10-09 16:24:09.113,8378
"""C:\Program Files\Mozilla Firefox\firefox.exe"" https://www.ceo-btt.com/
PID:2396",C:\Users\jpdz\AppData\Local\Mozilla\Firefox\Profiles\uzjxbbj5.default-release\cache2\entries\6D89348819C8881868053197CA0754F36784BF5F,FileEvent,Write,2021-10-09 16:24:11.978,25116
C:\Users\jpdz\AppData\Roaming\Mozilla\Firefox\Profiles\uzjxbbj5.default-release\storage\permanent\chrome\idb\2823318777ntouromlalnodry--naod.sqlite,"""C:\Program Files\Mozilla Firefox\firefox.exe"" https://www.ceo-btt.com/
PID:2396",FileEvent,Read,2021-10-09 16:24:12.265,37064
C:\Program Files\Mozilla Firefox\api-ms-win-crt-runtime-l1-1-0.dll,"""C:\Program Files\Mozilla Firefox\firefox.exe"" https://www.ceo-btt.com/
PID:2396",FileEvent,Read,2021-10-09 16:24:07.915,65536
C:\Users\jpdz\AppData\Roaming\Mozilla\Firefox\Profiles\uzjxbbj5.default-release\content-prefs.sqlite,"""C:\Program Files\Mozilla Firefox\firefox.exe"" https://www.ceo-btt.com/
PID:2396",FileEvent,Read,2021-10-09 16:24:13.72,65684
"""C:\Program Files\Mozilla Firefox\firefox.exe"" https://www.ceo-btt.com/
PID:2396",C:\Users\jpdz\AppData\Roaming\Mozilla\Firefox\Profiles\uzjxbbj5.default-release\search.json.mozlz4,FileEvent,Write,2021-10-09 16:24:10.501,187
C:\Users\jpdz\AppData\Roaming\Mozilla\Firefox\Profiles\uzjxbbj5.default-release\search.json.mozlz4,"""C:\Program Files\Mozilla Firefox\firefox.exe"" https://www.ceo-btt.com/
PID:2396",FileEvent,Read,2021-10-09 16:24:08.243,187
C:\Users\jpdz\AppData\Local\Mozilla\Firefox\Profiles\uzjxbbj5.default-release\safebrowsing\base-cryptomining-track-digest256.sbstore,"""C:\Program Files\Mozilla Firefox\firefox.exe"" https://www.ceo-btt.com/
PID:2396",FileEvent,Read,2021-10-09 16:24:09.260,314
C:\Users\jpdz\AppData\Local\Mozilla\Firefox\Profiles\uzjxbbj5.default-release\safebrowsing\social-tracking-protection-linkedin-digest256.sbstore,"""C:\Program Files\Mozilla Firefox\firefox.exe"" https://www.ceo-btt.com/
PID:2396",FileEvent,Read,2021-10-09 16:24:09.261,244
"""C:\Program Files\Mozilla Firefox\firefox.exe"" https://www.ceo-btt.com/
PID:2396",125.220.192.143,IpChannelEvent,TcpIpConnect,2021-10-09 16:24:12.676,0
125.220.192.143,"""C:\Program Files\Mozilla Firefox\firefox.exe"" https://www.ceo-btt.com/
PID:2396",IpChannelEvent,TcpIpRecv,2021-10-09 16:24:12.703,10279
"""C:\Program Files\Mozilla Firefox\firefox.exe"" https://www.ceo-btt.com/
PID:2396",125.220.192.143,IpChannelEvent,TcpIpSend,2021-10-09 16:24:12.703,1187
C:\Users\jpdz\AppData\Local\Mozilla\Firefox\Profiles\uzjxbbj5.default-release\safebrowsing\block-flash-digest256.sbstore,"""C:\Program Files\Mozilla Firefox\firefox.exe"" https://www.ceo-btt.com/
PID:2396",FileEvent,Read,2021-10-09 16:24:09.260,451
C:\Users\jpdz\AppData\Roaming\Mozilla\Firefox\Profiles\uzjxbbj5.default-release\datareporting\state.json,"""C:\Program Files\Mozilla Firefox\firefox.exe"" https://www.ceo-btt.com/
PID:2396",FileEvent,Read,2021-10-09 16:24:09.145,51
C:\Users\jpdz\AppData\Local\Mozilla\Firefox\Profiles\uzjxbbj5.default-release\safebrowsing\base-fingerprinting-track-digest256.vlpset,"""C:\Program Files\Mozilla Firefox\firefox.exe"" https://www.ceo-btt.com/
PID:2396",FileEvent,Read,2021-10-09 16:24:09.20,3717
C:\Users\jpdz\AppData\Local\Mozilla\Firefox\Profiles\uzjxbbj5.default-release\safebrowsing\social-tracking-protection-twitter-digest256.sbstore,"""C:\Program Files\Mozilla Firefox\firefox.exe"" https://www.ceo-btt.com/
PID:2396",FileEvent,Read,2021-10-09 16:24:09.261,247
"""C:\Program Files\Mozilla Firefox\firefox.exe"" https://www.ceo-btt.com/
PID:2396",C:\Users\jpdz\AppData\Local\Mozilla\Firefox\Profiles\uzjxbbj5.default-release\cache2\entries\8D9C17E8C9F7E501CF21AA4B0E0287307177022C,FileEvent,Write,2021-10-09 16:24:13.280,2082
C:\Users\jpdz\AppData\Local\Mozilla\Firefox\Profiles\uzjxbbj5.default-release\safebrowsing\social-tracking-protection-linkedin-digest256.vlpset,"""C:\Program Files\Mozilla Firefox\firefox.exe"" https://www.ceo-btt.com/
PID:2396",FileEvent,Read,2021-10-09 16:24:09.30,133
"""C:\Program Files\Mozilla Firefox\firefox.exe"" https://www.ceo-btt.com/
PID:2396",C:\Users\jpdz\AppData\Roaming\Mozilla\Firefox\Profiles\uzjxbbj5.default-release\storage\default\moz-extension+++7b7c287d-b9ee-4c40-99c0-63c5bd847cee^userContextId=4294967295\idb\3647222921wleabcEoxlt-eengsairo.sqlite-wal,FileEvent,Delete,2021-10-09 16:24:12.261,0
"""C:\Program Files\Mozilla Firefox\firefox.exe"" https://www.ceo-btt.com/
PID:2396",C:\Users\jpdz\AppData\Roaming\Mozilla\Firefox\Profiles\uzjxbbj5.default-release\storage\default\moz-extension+++7b7c287d-b9ee-4c40-99c0-63c5bd847cee^userContextId=4294967295\idb\3647222921wleabcEoxlt-eengsairo.sqlite-wal,FileEvent,Delete,2021-10-09 16:24:24.272,0
C:\Users\jpdz\AppData\Local\Mozilla\Firefox\Profiles\uzjxbbj5.default-release\cache2\entries\E863DEE39AB0EF279CE01AF8C128F96010854FC3,"""C:\Program Files\Mozilla Firefox\firefox.exe"" https://www.ceo-btt.com/
PID:2396",FileEvent,Read,2021-10-09 16:24:09.263,12676
"""C:\Program Files\Mozilla Firefox\firefox.exe"" https://www.ceo-btt.com/
PID:2396",C:\Users\jpdz\AppData\Local\Mozilla\Firefox\Profiles\uzjxbbj5.default-release\cache2\entries\E863DEE39AB0EF279CE01AF8C128F96010854FC3,FileEvent,Write,2021-10-09 16:24:09.266,25346
C:\Users\jpdz\AppData\Local\Mozilla\Firefox\Profiles\uzjxbbj5.default-release\safebrowsing\mozstd-trackwhite-digest256.vlpset,"""C:\Program Files\Mozilla Firefox\firefox.exe"" https://www.ceo-btt.com/
PID:2396",FileEvent,Read,2021-10-09 16:24:09.29,655360
C:\Users\jpdz\AppData\Roaming\Mozilla\Firefox\Profiles\uzjxbbj5.default-release\security_state\data.safe.bin,"""C:\Program Files\Mozilla Firefox\firefox.exe"" https://www.ceo-btt.com/
PID:2396",FileEvent,Read,2021-10-09 16:24:08.547,1222667
"""C:\Program Files\Mozilla Firefox\firefox.exe"" https://www.ceo-btt.com/
PID:2396",157.240.24.13,IpChannelEvent,TcpIpConnect,2021-10-09 16:24:32.147,0
"""C:\Program Files\Mozilla Firefox\firefox.exe"" https://www.ceo-btt.com/
PID:2396",157.240.24.13,IpChannelEvent,TcpIpSend,2021-10-09 16:24:32.361,517
"""C:\Program Files\Mozilla Firefox\firefox.exe"" https://www.ceo-btt.com/
PID:2396",52.84.228.52,IpChannelEvent,TcpIpConnect,2021-10-09 16:24:12.713,0
52.84.228.52,"""C:\Program Files\Mozilla Firefox\firefox.exe"" https://www.ceo-btt.com/
PID:2396",IpChannelEvent,TcpIpRecv,2021-10-09 16:24:12.783,4225
"""C:\Program Files\Mozilla Firefox\firefox.exe"" https://www.ceo-btt.com/
PID:2396",52.84.228.52,IpChannelEvent,TcpIpSend,2021-10-09 16:24:12.755,1154
"""C:\Program Files\Mozilla Firefox\firefox.exe"" https://www.ceo-btt.com/
PID:2396",C:\Users\jpdz\AppData\Local\Mozilla\Firefox\Profiles\uzjxbbj5.default-release\cache2\entries\566378CBD74EBD366862B44D06BC1E89B388FE44,FileEvent,Write,2021-10-09 16:24:10.507,43
"""C:\Program Files\Mozilla Firefox\firefox.exe"" https://www.ceo-btt.com/
PID:2396",C:\Users\jpdz\AppData\Local\Mozilla\Firefox\Profiles\uzjxbbj5.default-release\cache2\entries\566378CBD74EBD366862B44D06BC1E89B388FE44,FileEvent,Write,2021-10-09 16:24:10.675,17556
C:\Users\jpdz\AppData\Roaming\Mozilla\Firefox\Profiles\uzjxbbj5.default-release\handlers.json,"""C:\Program Files\Mozilla Firefox\firefox.exe"" https://www.ceo-btt.com/
PID:2396",FileEvent,Read,2021-10-09 16:24:09.255,733
"""C:\Program Files\Mozilla Firefox\firefox.exe"" https://www.ceo-btt.com/
PID:2396",203.208.40.70,IpChannelEvent,TcpIpConnect,2021-10-09 16:24:32.297,0
"""C:\Program Files\Mozilla Firefox\firefox.exe"" https://www.ceo-btt.com/
PID:2396",203.208.40.70,IpChannelEvent,TcpIpDisconnect,2021-10-09 16:24:33.93,0
"""C:\Program Files\Mozilla Firefox\firefox.exe"" https://www.ceo-btt.com/
PID:2396",203.208.40.70,IpChannelEvent,TcpIpSend,2021-10-09 16:24:32.361,1280
203.208.40.70,"""C:\Program Files\Mozilla Firefox\firefox.exe"" https://www.ceo-btt.com/
PID:2396",IpChannelEvent,TcpIpRecv,2021-10-09 16:24:32.372,5610
"""C:\Program Files\Mozilla Firefox\firefox.exe"" https://www.ceo-btt.com/
PID:2396",127.0.0.1,IpChannelEvent,TcpIpAccept,2021-10-09 16:24:07.991,0
127.0.0.1,"""C:\Program Files\Mozilla Firefox\firefox.exe"" https://www.ceo-btt.com/
PID:2396",IpChannelEvent,TcpIpRecv,2021-10-09 16:24:07.991,265
127.0.0.1,"""C:\Program Files\Mozilla Firefox\firefox.exe"" https://www.ceo-btt.com/
PID:2396",IpChannelEvent,TcpIpRecv,2021-10-09 16:24:10.883,12597
"""C:\Program Files\Mozilla Firefox\firefox.exe"" https://www.ceo-btt.com/
PID:2396",C:\Users\jpdz\AppData\Roaming\Mozilla\Firefox\Profiles\uzjxbbj5.default-release\storage\default\moz-extension+++0c3666b5-67b1-4855-b50d-d5fbfc0d2874^userContextId=4294967295\idb\3647222921wleabcEoxlt-eengsairo.sqlite-wal,FileEvent,Delete,2021-10-09 16:24:12.264,0
"""C:\Program Files\Mozilla Firefox\firefox.exe"" https://www.ceo-btt.com/
PID:2396",C:\Users\jpdz\AppData\Roaming\Mozilla\Firefox\Profiles\uzjxbbj5.default-release\storage\default\moz-extension+++0c3666b5-67b1-4855-b50d-d5fbfc0d2874^userContextId=4294967295\idb\3647222921wleabcEoxlt-eengsairo.sqlite-wal,FileEvent,Delete,2021-10-09 16:24:33.882,0
C:\Users\jpdz\AppData\Roaming\Mozilla\Firefox\Profiles\uzjxbbj5.default-release\storage\default\moz-extension+++0c3666b5-67b1-4855-b50d-d5fbfc0d2874^userContextId=4294967295\idb\3647222921wleabcEoxlt-eengsairo.sqlite-wal,"""C:\Program Files\Mozilla Firefox\firefox.exe"" https://www.ceo-btt.com/
PID:2396",FileEvent,Read,2021-10-09 16:24:22.268,4096
"""C:\Program Files\Mozilla Firefox\firefox.exe"" https://www.ceo-btt.com/
PID:2396",C:\Users\jpdz\AppData\Roaming\Mozilla\Firefox\Profiles\uzjxbbj5.default-release\storage\default\moz-extension+++0c3666b5-67b1-4855-b50d-d5fbfc0d2874^userContextId=4294967295\idb\3647222921wleabcEoxlt-eengsairo.sqlite-wal,FileEvent,Write,2021-10-09 16:24:13.87,20560
C:\Users\jpdz\AppData\Local\Mozilla\Firefox\Profiles\uzjxbbj5.default-release\safebrowsing\except-flashallow-digest256.sbstore,"""C:\Program Files\Mozilla Firefox\firefox.exe"" https://www.ceo-btt.com/
PID:2396",FileEvent,Read,2021-10-09 16:24:09.261,236
C:\Program Files\Mozilla Firefox\api-ms-win-crt-locale-l1-1-0.dll,"""C:\Program Files\Mozilla Firefox\firefox.exe"" https://www.ceo-btt.com/
PID:2396",FileEvent,Read,2021-10-09 16:24:07.918,65536
C:\Program Files\Mozilla Firefox\mozglue.dll,"""C:\Program Files\Mozilla Firefox\firefox.exe"" https://www.ceo-btt.com/
PID:2396",FileEvent,Read,2021-10-09 16:24:07.916,589824
"""C:\Program Files\Mozilla Firefox\firefox.exe"" https://www.ceo-btt.com/
PID:2396",127.0.0.1,IpChannelEvent,TcpIpConnect,2021-10-09 16:24:07.991,0
"""C:\Program Files\Mozilla Firefox\firefox.exe"" https://www.ceo-btt.com/
PID:2396",127.0.0.1,IpChannelEvent,TcpIpSend,2021-10-09 16:24:07.991,264
"""C:\Program Files\Mozilla Firefox\firefox.exe"" https://www.ceo-btt.com/
PID:2396",127.0.0.1,IpChannelEvent,TcpIpSend,2021-10-09 16:24:10.879,12598
"""C:\Program Files\Mozilla Firefox\firefox.exe"" https://www.ceo-btt.com/
PID:2396",141.226.231.48,IpChannelEvent,TcpIpConnect,2021-10-09 16:24:32.280,0
141.226.231.48,"""C:\Program Files\Mozilla Firefox\firefox.exe"" https://www.ceo-btt.com/
PID:2396",IpChannelEvent,TcpIpRecv,2021-10-09 16:24:32.320,3533
"""C:\Program Files\Mozilla Firefox\firefox.exe"" https://www.ceo-btt.com/
PID:2396",141.226.231.48,IpChannelEvent,TcpIpSend,2021-10-09 16:24:32.320,1185
"""C:\Program Files\Mozilla Firefox\firefox.exe"" https://www.ceo-btt.com/
PID:2396",52.84.228.106,IpChannelEvent,TcpIpConnect,2021-10-09 16:24:11.670,0
"""C:\Program Files\Mozilla Firefox\firefox.exe"" https://www.ceo-btt.com/
PID:2396",52.84.228.106,IpChannelEvent,TcpIpSend,2021-10-09 16:24:11.751,1905
52.84.228.106,"""C:\Program Files\Mozilla Firefox\firefox.exe"" https://www.ceo-btt.com/
PID:2396",IpChannelEvent,TcpIpRecv,2021-10-09 16:24:11.752,57100
C:\Users\jpdz\AppData\Local\Mozilla\Firefox\Profiles\uzjxbbj5.default-release\cache2\index,"""C:\Program Files\Mozilla Firefox\firefox.exe"" https://www.ceo-btt.com/
PID:2396",FileEvent,Read,2021-10-09 16:24:08.122,348
"""C:\Program Files\Mozilla Firefox\firefox.exe"" https://www.ceo-btt.com/
PID:2396",C:\Users\jpdz\AppData\Local\Mozilla\Firefox\Profiles\uzjxbbj5.default-release\cache2\index,FileEvent,Write,2021-10-09 16:24:08.123,8
C:\Program Files\Mozilla Firefox\api-ms-win-crt-math-l1-1-0.dll,"""C:\Program Files\Mozilla Firefox\firefox.exe"" https://www.ceo-btt.com/
PID:2396",FileEvent,Read,2021-10-09 16:24:07.916,65536
C:\Program Files\Mozilla Firefox\api-ms-win-crt-stdio-l1-1-0.dll,"""C:\Program Files\Mozilla Firefox\firefox.exe"" https://www.ceo-btt.com/
PID:2396",FileEvent,Read,2021-10-09 16:24:07.915,65536
C:\Users\jpdz\AppData\Roaming\Mozilla\Firefox\Profiles\profiles.log,"""C:\Program Files\Mozilla Firefox\firefox.exe"" https://www.ceo-btt.com/
PID:2396",FileEvent,Read,2021-10-09 16:24:13.265,16384
"""C:\Program Files\Mozilla Firefox\firefox.exe"" https://www.ceo-btt.com/
PID:2396",C:\Users\jpdz\AppData\Local\Temp\firefox,FileEvent,Delete,2021-10-09 16:24:08.132,0
C:\Program Files\Mozilla Firefox\api-ms-win-crt-utility-l1-1-0.dll,"""C:\Program Files\Mozilla Firefox\firefox.exe"" https://www.ceo-btt.com/
PID:2396",FileEvent,Read,2021-10-09 16:24:07.916,65536
"""C:\Program Files\Mozilla Firefox\firefox.exe"" https://www.ceo-btt.com/
PID:2396",39.107.233.151,IpChannelEvent,TcpIpConnect,2021-10-09 16:24:13.273,0
"""C:\Program Files\Mozilla Firefox\firefox.exe"" https://www.ceo-btt.com/
PID:2396",39.107.233.151,IpChannelEvent,TcpIpSend,2021-10-09 16:24:13.279,532
39.107.233.151,"""C:\Program Files\Mozilla Firefox\firefox.exe"" https://www.ceo-btt.com/
PID:2396",IpChannelEvent,TcpIpRecv,2021-10-09 16:24:13.279,382
"""C:\Program Files\Mozilla Firefox\firefox.exe"" https://www.ceo-btt.com/
PID:2396",23.220.192.171,IpChannelEvent,TcpIpConnect,2021-10-09 16:24:27.230,0
"""C:\Program Files\Mozilla Firefox\firefox.exe"" https://www.ceo-btt.com/
PID:2396",23.220.192.171,IpChannelEvent,TcpIpSend,2021-10-09 16:24:27.281,1170
23.220.192.171,"""C:\Program Files\Mozilla Firefox\firefox.exe"" https://www.ceo-btt.com/
PID:2396",IpChannelEvent,TcpIpRecv,2021-10-09 16:24:27.281,52293
"""C:\Program Files\Mozilla Firefox\firefox.exe"" https://www.ceo-btt.com/
PID:2396","""C:\Program Files\Mozilla Firefox\firefox.exe"" -contentproc --channel=""2396.5.1965766641\1601166848"" -parentBuildID 20210927210923 -prefsHandle 3296 -prefMapHandle 3292 -prefsLen 9838 -prefMapSize 252743 -appdir ""C:\Program Files\Mozilla Firefox\browser"" - 2396 ""\\.\pipe\gecko-crash-server-pipe.2396"" 3308 d7b0758 rdd
PID:3320",ProcessEvent,Create,2021-10-09 16:24:09.736,
"""C:\Program Files\Mozilla Firefox\firefox.exe"" https://www.ceo-btt.com/
PID:2396",C:\Users\jpdz\AppData\Roaming\Mozilla\Firefox\Profiles\uzjxbbj5.default-release\cookies.sqlite-wal,FileEvent,Delete,2021-10-09 16:24:08.129,0
C:\Users\jpdz\AppData\Roaming\Mozilla\Firefox\Profiles\UZJXBB~1.DEF\pkcs11.txt,"""C:\Program Files\Mozilla Firefox\firefox.exe"" https://www.ceo-btt.com/
PID:2396",FileEvent,Read,2021-10-09 16:24:08.266,8192
C:\Program Files\Mozilla Firefox\lgpllibs.dll,"""C:\Program Files\Mozilla Firefox\firefox.exe"" https://www.ceo-btt.com/
PID:2396",FileEvent,Read,2021-10-09 16:24:07.918,65536
C:\Users\jpdz\AppData\Roaming\Mozilla\Firefox\Profiles\uzjxbbj5.default-release\addonStartup.json.lz4,"""C:\Program Files\Mozilla Firefox\firefox.exe"" https://www.ceo-btt.com/
PID:2396",FileEvent,Read,2021-10-09 16:24:08.15,5706
C:\Users\jpdz\AppData\Local\Mozilla\Firefox\Profiles\uzjxbbj5.default-release\safebrowsing\block-flash-digest256.vlpset,"""C:\Program Files\Mozilla Firefox\firefox.exe"" https://www.ceo-btt.com/
PID:2396",FileEvent,Read,2021-10-09 16:24:09.21,6661
C:\Users\jpdz\AppData\Local\Mozilla\Firefox\Profiles\uzjxbbj5.default-release\safebrowsing\except-flashsubdoc-digest256.vlpset,"""C:\Program Files\Mozilla Firefox\firefox.exe"" https://www.ceo-btt.com/
PID:2396",FileEvent,Read,2021-10-09 16:24:09.21,133
"""C:\Program Files\Mozilla Firefox\firefox.exe"" https://www.ceo-btt.com/
PID:2396",23.215.177.42,IpChannelEvent,TcpIpConnect,2021-10-09 16:24:11.116,0
"""C:\Program Files\Mozilla Firefox\firefox.exe"" https://www.ceo-btt.com/
PID:2396",23.215.177.42,IpChannelEvent,TcpIpSend,2021-10-09 16:24:11.252,455
23.215.177.42,"""C:\Program Files\Mozilla Firefox\firefox.exe"" https://www.ceo-btt.com/
PID:2396",IpChannelEvent,TcpIpRecv,2021-10-09 16:24:11.294,889
"""C:\Program Files\Mozilla Firefox\firefox.exe"" https://www.ceo-btt.com/
PID:2396",52.84.228.14,IpChannelEvent,TcpIpConnect,2021-10-09 16:24:14.495,0
52.84.228.14,"""C:\Program Files\Mozilla Firefox\firefox.exe"" https://www.ceo-btt.com/
PID:2396",IpChannelEvent,TcpIpRecv,2021-10-09 16:24:14.590,74111
"""C:\Program Files\Mozilla Firefox\firefox.exe"" https://www.ceo-btt.com/
PID:2396",52.84.228.14,IpChannelEvent,TcpIpSend,2021-10-09 16:24:14.509,1068
C:\Windows\system32\ExplorerFrame.dll,"""C:\Program Files\Mozilla Firefox\firefox.exe"" https://www.ceo-btt.com/
PID:2396",FileEvent,Read,2021-10-09 16:24:08.12,1507328
"""C:\Program Files\Mozilla Firefox\firefox.exe"" https://www.ceo-btt.com/
PID:2396",35.213.12.39,IpChannelEvent,TcpIpConnect,2021-10-09 16:24:32.424,0
35.213.12.39,"""C:\Program Files\Mozilla Firefox\firefox.exe"" https://www.ceo-btt.com/
PID:2396",IpChannelEvent,TcpIpRecv,2021-10-09 16:24:32.604,6437
"""C:\Program Files\Mozilla Firefox\firefox.exe"" https://www.ceo-btt.com/
PID:2396",35.213.12.39,IpChannelEvent,TcpIpSend,2021-10-09 16:24:32.604,1701
"""C:\Program Files\Mozilla Firefox\firefox.exe"" https://www.ceo-btt.com/
PID:2396",69.173.158.64,IpChannelEvent,TcpIpConnect,2021-10-09 16:24:32.258,0
"""C:\Program Files\Mozilla Firefox\firefox.exe"" https://www.ceo-btt.com/
PID:2396",69.173.158.64,IpChannelEvent,TcpIpSend,2021-10-09 16:24:32.338,1216
69.173.158.64,"""C:\Program Files\Mozilla Firefox\firefox.exe"" https://www.ceo-btt.com/
PID:2396",IpChannelEvent,TcpIpRecv,2021-10-09 16:24:32.338,4241
C:\Users\jpdz\AppData\Local\Mozilla\Firefox\Profiles\uzjxbbj5.default-release\safebrowsing\google4\goog-downloadwhite-proto.vlpset,"""C:\Program Files\Mozilla Firefox\firefox.exe"" https://www.ceo-btt.com/
PID:2396",FileEvent,Read,2021-10-09 16:24:09.26,34085
C:\Users\jpdz\AppData\Roaming\Mozilla\Firefox\Profiles\uzjxbbj5.default-release\serviceworker.txt,"""C:\Program Files\Mozilla Firefox\firefox.exe"" https://www.ceo-btt.com/
PID:2396",FileEvent,Read,2021-10-09 16:24:08.129,8192
C:\Users\jpdz\AppData\Local\Mozilla\Firefox\Profiles\uzjxbbj5.default-release\settings\main\ms-language-packs\asrouter.ftl,"""C:\Program Files\Mozilla Firefox\firefox.exe"" https://www.ceo-btt.com/
PID:2396",FileEvent,Read,2021-10-09 16:24:09.290,49957
"""C:\Program Files\Mozilla Firefox\firefox.exe"" https://www.ceo-btt.com/
PID:2396",69.147.88.8,IpChannelEvent,TcpIpConnect,2021-10-09 16:24:32.445,0
"""C:\Program Files\Mozilla Firefox\firefox.exe"" https://www.ceo-btt.com/
PID:2396",69.147.88.8,IpChannelEvent,TcpIpSend,2021-10-09 16:24:32.611,1173
69.147.88.8,"""C:\Program Files\Mozilla Firefox\firefox.exe"" https://www.ceo-btt.com/
PID:2396",IpChannelEvent,TcpIpRecv,2021-10-09 16:24:32.656,6077
C:\Users\jpdz\AppData\Local\Mozilla\Firefox\Profiles\uzjxbbj5.default-release\safebrowsing\google4\goog-malware-proto.vlpset,"""C:\Program Files\Mozilla Firefox\firefox.exe"" https://www.ceo-btt.com/
PID:2396",FileEvent,Read,2021-10-09 16:24:09.26,393216
"""C:\Program Files\Mozilla Firefox\firefox.exe"" https://www.ceo-btt.com/
PID:2396",C:\Users\jpdz\AppData\Local\Mozilla\Firefox\Profiles\uzjxbbj5.default-release\cache2\entries\54E9A36A6DDC257E172F6DAED6555FB27BC9F4FD,FileEvent,Write,2021-10-09 16:24:09.205,2871
"""C:\Program Files\Mozilla Firefox\firefox.exe"" https://www.ceo-btt.com/
PID:2396",203.208.41.34,IpChannelEvent,TcpIpConnect,2021-10-09 16:24:14.713,0
"""C:\Program Files\Mozilla Firefox\firefox.exe"" https://www.ceo-btt.com/
PID:2396",203.208.41.34,IpChannelEvent,TcpIpSend,2021-10-09 16:24:14.761,2293
203.208.41.34,"""C:\Program Files\Mozilla Firefox\firefox.exe"" https://www.ceo-btt.com/
PID:2396",IpChannelEvent,TcpIpRecv,2021-10-09 16:24:14.783,3508
C:\Users\jpdz\AppData\Roaming\Mozilla\Firefox\Profiles\uzjxbbj5.default-release\storage\default\moz-extension+++0c3666b5-67b1-4855-b50d-d5fbfc0d2874^userContextId=4294967295\idb\3647222921wleabcEoxlt-eengsairo.sqlite,"""C:\Program Files\Mozilla Firefox\firefox.exe"" https://www.ceo-btt.com/
PID:2396",FileEvent,Read,2021-10-09 16:24:12.262,37064
"""C:\Program Files\Mozilla Firefox\firefox.exe"" https://www.ceo-btt.com/
PID:2396",C:\Users\jpdz\AppData\Roaming\Mozilla\Firefox\Profiles\uzjxbbj5.default-release\storage\default\moz-extension+++0c3666b5-67b1-4855-b50d-d5fbfc0d2874^userContextId=4294967295\idb\3647222921wleabcEoxlt-eengsairo.sqlite,FileEvent,Write,2021-10-09 16:24:22.268,8192
C:\Program Files\Mozilla Firefox\api-ms-win-crt-heap-l1-1-0.dll,"""C:\Program Files\Mozilla Firefox\firefox.exe"" https://www.ceo-btt.com/
PID:2396",FileEvent,Read,2021-10-09 16:24:07.916,65536
C:\Windows\Prefetch\FIREFOX.EXE-A606B53C.pf,"""C:\Program Files\Mozilla Firefox\firefox.exe"" -contentproc --channel=""2396.0.323349308\1215329835"" -parentBuildID 20210927210923 -prefsHandle 1016 -prefMapHandle 1000 -prefsLen 1 -prefMapSize 252743 -appdir ""C:\Program Files\Mozilla Firefox\browser"" - 2396 ""\\.\pipe\gecko-crash-server-pipe.2396"" 1088 d7b1a18 gpu
PID:2300",FileEvent,Read,2021-10-09 16:24:08.40,61006
C:\Program Files\Mozilla Firefox\dependentlibs.list,"""C:\Program Files\Mozilla Firefox\firefox.exe"" -contentproc --channel=""2396.0.323349308\1215329835"" -parentBuildID 20210927210923 -prefsHandle 1016 -prefMapHandle 1000 -prefsLen 1 -prefMapSize 252743 -appdir ""C:\Program Files\Mozilla Firefox\browser"" - 2396 ""\\.\pipe\gecko-crash-server-pipe.2396"" 1088 d7b1a18 gpu
PID:2300",FileEvent,Read,2021-10-09 16:24:08.47,8192
"""C:\Program Files\Mozilla Firefox\firefox.exe"" -contentproc --channel=""2396.8.1169976819\145400810"" -childID 3 -isForBrowser -prefsHandle 3416 -prefMapHandle 3412 -prefsLen 9838 -prefMapSize 252743 -jsInit 840 286204 -parentBuildID 20210927210923 -appdir ""C:\Program Files\Mozilla Firefox\browser"" - 2396 ""\\.\pipe\gecko-crash-server-pipe.2396"" 3428 d75e3a8 tab
PID:3468",127.0.0.1,IpChannelEvent,TcpIpAccept,2021-10-09 16:24:10.964,0
127.0.0.1,"""C:\Program Files\Mozilla Firefox\firefox.exe"" -contentproc --channel=""2396.8.1169976819\145400810"" -childID 3 -isForBrowser -prefsHandle 3416 -prefMapHandle 3412 -prefsLen 9838 -prefMapSize 252743 -jsInit 840 286204 -parentBuildID 20210927210923 -appdir ""C:\Program Files\Mozilla Firefox\browser"" - 2396 ""\\.\pipe\gecko-crash-server-pipe.2396"" 3428 d75e3a8 tab
PID:3468",IpChannelEvent,TcpIpRecv,2021-10-09 16:24:10.964,2
"""C:\Program Files\Mozilla Firefox\firefox.exe"" -contentproc --channel=""2396.8.1169976819\145400810"" -childID 3 -isForBrowser -prefsHandle 3416 -prefMapHandle 3412 -prefsLen 9838 -prefMapSize 252743 -jsInit 840 286204 -parentBuildID 20210927210923 -appdir ""C:\Program Files\Mozilla Firefox\browser"" - 2396 ""\\.\pipe\gecko-crash-server-pipe.2396"" 3428 d75e3a8 tab
PID:3468",127.0.0.1,IpChannelEvent,TcpIpConnect,2021-10-09 16:24:10.964,0
"""C:\Program Files\Mozilla Firefox\firefox.exe"" -contentproc --channel=""2396.8.1169976819\145400810"" -childID 3 -isForBrowser -prefsHandle 3416 -prefMapHandle 3412 -prefsLen 9838 -prefMapSize 252743 -jsInit 840 286204 -parentBuildID 20210927210923 -appdir ""C:\Program Files\Mozilla Firefox\browser"" - 2396 ""\\.\pipe\gecko-crash-server-pipe.2396"" 3428 d75e3a8 tab
PID:3468",127.0.0.1,IpChannelEvent,TcpIpSend,2021-10-09 16:24:10.964,2
C:\Windows\Prefetch\FIREFOX.EXE-A606B53C.pf,"""C:\Program Files\Mozilla Firefox\firefox.exe"" -contentproc --channel=""2396.8.1169976819\145400810"" -childID 3 -isForBrowser -prefsHandle 3416 -prefMapHandle 3412 -prefsLen 9838 -prefMapSize 252743 -jsInit 840 286204 -parentBuildID 20210927210923 -appdir ""C:\Program Files\Mozilla Firefox\browser"" - 2396 ""\\.\pipe\gecko-crash-server-pipe.2396"" 3428 d75e3a8 tab
PID:3468",FileEvent,Read,2021-10-09 16:24:10.931,61006
C:\Program Files\Mozilla Firefox\dependentlibs.list,"""C:\Program Files\Mozilla Firefox\firefox.exe"" -contentproc --channel=""2396.8.1169976819\145400810"" -childID 3 -isForBrowser -prefsHandle 3416 -prefMapHandle 3412 -prefsLen 9838 -prefMapSize 252743 -jsInit 840 286204 -parentBuildID 20210927210923 -appdir ""C:\Program Files\Mozilla Firefox\browser"" - 2396 ""\\.\pipe\gecko-crash-server-pipe.2396"" 3428 d75e3a8 tab
PID:3468",FileEvent,Read,2021-10-09 16:24:10.945,8192
"""C:\Program Files\Mozilla Firefox\firefox.exe"" -contentproc --channel=""2396.1.112273211\580932147"" -childID 1 -isForBrowser -prefsHandle 1760 -prefMapHandle 1776 -prefsLen 3677 -prefMapSize 252743 -jsInit 840 286204 -parentBuildID 20210927210923 -appdir ""C:\Program Files\Mozilla Firefox\browser"" - 2396 ""\\.\pipe\gecko-crash-server-pipe.2396"" 1752 16481a38 tab
PID:2200",127.0.0.1,IpChannelEvent,TcpIpConnect,2021-10-09 16:24:08.464,0
"""C:\Program Files\Mozilla Firefox\firefox.exe"" -contentproc --channel=""2396.1.112273211\580932147"" -childID 1 -isForBrowser -prefsHandle 1760 -prefMapHandle 1776 -prefsLen 3677 -prefMapSize 252743 -jsInit 840 286204 -parentBuildID 20210927210923 -appdir ""C:\Program Files\Mozilla Firefox\browser"" - 2396 ""\\.\pipe\gecko-crash-server-pipe.2396"" 1752 16481a38 tab
PID:2200",127.0.0.1,IpChannelEvent,TcpIpSend,2021-10-09 16:24:08.464,2
"""C:\Program Files\Mozilla Firefox\firefox.exe"" -contentproc --channel=""2396.1.112273211\580932147"" -childID 1 -isForBrowser -prefsHandle 1760 -prefMapHandle 1776 -prefsLen 3677 -prefMapSize 252743 -jsInit 840 286204 -parentBuildID 20210927210923 -appdir ""C:\Program Files\Mozilla Firefox\browser"" - 2396 ""\\.\pipe\gecko-crash-server-pipe.2396"" 1752 16481a38 tab
PID:2200",127.0.0.1,IpChannelEvent,TcpIpSend,2021-10-09 16:24:12.963,2371
C:\Windows\Prefetch\FIREFOX.EXE-A606B53C.pf,"""C:\Program Files\Mozilla Firefox\firefox.exe"" -contentproc --channel=""2396.1.112273211\580932147"" -childID 1 -isForBrowser -prefsHandle 1760 -prefMapHandle 1776 -prefsLen 3677 -prefMapSize 252743 -jsInit 840 286204 -parentBuildID 20210927210923 -appdir ""C:\Program Files\Mozilla Firefox\browser"" - 2396 ""\\.\pipe\gecko-crash-server-pipe.2396"" 1752 16481a38 tab
PID:2200",FileEvent,Read,2021-10-09 16:24:08.349,61006
C:\Program Files\Mozilla Firefox\dependentlibs.list,"""C:\Program Files\Mozilla Firefox\firefox.exe"" -contentproc --channel=""2396.1.112273211\580932147"" -childID 1 -isForBrowser -prefsHandle 1760 -prefMapHandle 1776 -prefsLen 3677 -prefMapSize 252743 -jsInit 840 286204 -parentBuildID 20210927210923 -appdir ""C:\Program Files\Mozilla Firefox\browser"" - 2396 ""\\.\pipe\gecko-crash-server-pipe.2396"" 1752 16481a38 tab
PID:2200",FileEvent,Read,2021-10-09 16:24:08.368,8192
"""C:\Program Files\Mozilla Firefox\firefox.exe"" -contentproc --channel=""2396.1.112273211\580932147"" -childID 1 -isForBrowser -prefsHandle 1760 -prefMapHandle 1776 -prefsLen 3677 -prefMapSize 252743 -jsInit 840 286204 -parentBuildID 20210927210923 -appdir ""C:\Program Files\Mozilla Firefox\browser"" - 2396 ""\\.\pipe\gecko-crash-server-pipe.2396"" 1752 16481a38 tab
PID:2200",127.0.0.1,IpChannelEvent,TcpIpAccept,2021-10-09 16:24:08.464,0
127.0.0.1,"""C:\Program Files\Mozilla Firefox\firefox.exe"" -contentproc --channel=""2396.1.112273211\580932147"" -childID 1 -isForBrowser -prefsHandle 1760 -prefMapHandle 1776 -prefsLen 3677 -prefMapSize 252743 -jsInit 840 286204 -parentBuildID 20210927210923 -appdir ""C:\Program Files\Mozilla Firefox\browser"" - 2396 ""\\.\pipe\gecko-crash-server-pipe.2396"" 1752 16481a38 tab
PID:2200",IpChannelEvent,TcpIpRecv,2021-10-09 16:24:08.464,2
127.0.0.1,"""C:\Program Files\Mozilla Firefox\firefox.exe"" -contentproc --channel=""2396.1.112273211\580932147"" -childID 1 -isForBrowser -prefsHandle 1760 -prefMapHandle 1776 -prefsLen 3677 -prefMapSize 252743 -jsInit 840 286204 -parentBuildID 20210927210923 -appdir ""C:\Program Files\Mozilla Firefox\browser"" - 2396 ""\\.\pipe\gecko-crash-server-pipe.2396"" 1752 16481a38 tab
PID:2200",IpChannelEvent,TcpIpRecv,2021-10-09 16:24:12.963,2371
"""C:\Program Files\Mozilla Firefox\firefox.exe"" -contentproc --channel=""2396.3.298518820\208589793"" -childID 2 -isForBrowser -prefsHandle 1612 -prefMapHandle 2672 -prefsLen 9000 -prefMapSize 252743 -jsInit 840 286204 -parentBuildID 20210927210923 -appdir ""C:\Program Files\Mozilla Firefox\browser"" - 2396 ""\\.\pipe\gecko-crash-server-pipe.2396"" 2676 16fd74f8 tab
PID:584",127.0.0.1,IpChannelEvent,TcpIpConnect,2021-10-09 16:24:09.369,0
"""C:\Program Files\Mozilla Firefox\firefox.exe"" -contentproc --channel=""2396.3.298518820\208589793"" -childID 2 -isForBrowser -prefsHandle 1612 -prefMapHandle 2672 -prefsLen 9000 -prefMapSize 252743 -jsInit 840 286204 -parentBuildID 20210927210923 -appdir ""C:\Program Files\Mozilla Firefox\browser"" - 2396 ""\\.\pipe\gecko-crash-server-pipe.2396"" 2676 16fd74f8 tab
PID:584",127.0.0.1,IpChannelEvent,TcpIpSend,2021-10-09 16:24:09.369,6
"""C:\Program Files\Mozilla Firefox\firefox.exe"" -contentproc --channel=""2396.3.298518820\208589793"" -childID 2 -isForBrowser -prefsHandle 1612 -prefMapHandle 2672 -prefsLen 9000 -prefMapSize 252743 -jsInit 840 286204 -parentBuildID 20210927210923 -appdir ""C:\Program Files\Mozilla Firefox\browser"" - 2396 ""\\.\pipe\gecko-crash-server-pipe.2396"" 2676 16fd74f8 tab
PID:584",127.0.0.1,IpChannelEvent,TcpIpSend,2021-10-09 16:24:10.940,44
"""C:\Program Files\Mozilla Firefox\firefox.exe"" -contentproc --channel=""2396.3.298518820\208589793"" -childID 2 -isForBrowser -prefsHandle 1612 -prefMapHandle 2672 -prefsLen 9000 -prefMapSize 252743 -jsInit 840 286204 -parentBuildID 20210927210923 -appdir ""C:\Program Files\Mozilla Firefox\browser"" - 2396 ""\\.\pipe\gecko-crash-server-pipe.2396"" 2676 16fd74f8 tab
PID:584",127.0.0.1,IpChannelEvent,TcpIpAccept,2021-10-09 16:24:09.369,0
127.0.0.1,"""C:\Program Files\Mozilla Firefox\firefox.exe"" -contentproc --channel=""2396.3.298518820\208589793"" -childID 2 -isForBrowser -prefsHandle 1612 -prefMapHandle 2672 -prefsLen 9000 -prefMapSize 252743 -jsInit 840 286204 -parentBuildID 20210927210923 -appdir ""C:\Program Files\Mozilla Firefox\browser"" - 2396 ""\\.\pipe\gecko-crash-server-pipe.2396"" 2676 16fd74f8 tab
PID:584",IpChannelEvent,TcpIpRecv,2021-10-09 16:24:09.369,6
127.0.0.1,"""C:\Program Files\Mozilla Firefox\firefox.exe"" -contentproc --channel=""2396.3.298518820\208589793"" -childID 2 -isForBrowser -prefsHandle 1612 -prefMapHandle 2672 -prefsLen 9000 -prefMapSize 252743 -jsInit 840 286204 -parentBuildID 20210927210923 -appdir ""C:\Program Files\Mozilla Firefox\browser"" - 2396 ""\\.\pipe\gecko-crash-server-pipe.2396"" 2676 16fd74f8 tab
PID:584",IpChannelEvent,TcpIpRecv,2021-10-09 16:24:10.940,44
C:\Windows\Prefetch\FIREFOX.EXE-A606B53C.pf,"""C:\Program Files\Mozilla Firefox\firefox.exe"" -contentproc --channel=""2396.3.298518820\208589793"" -childID 2 -isForBrowser -prefsHandle 1612 -prefMapHandle 2672 -prefsLen 9000 -prefMapSize 252743 -jsInit 840 286204 -parentBuildID 20210927210923 -appdir ""C:\Program Files\Mozilla Firefox\browser"" - 2396 ""\\.\pipe\gecko-crash-server-pipe.2396"" 2676 16fd74f8 tab
PID:584",FileEvent,Read,2021-10-09 16:24:09.168,61006
C:\Program Files\Mozilla Firefox\dependentlibs.list,"""C:\Program Files\Mozilla Firefox\firefox.exe"" -contentproc --channel=""2396.3.298518820\208589793"" -childID 2 -isForBrowser -prefsHandle 1612 -prefMapHandle 2672 -prefsLen 9000 -prefMapSize 252743 -jsInit 840 286204 -parentBuildID 20210927210923 -appdir ""C:\Program Files\Mozilla Firefox\browser"" - 2396 ""\\.\pipe\gecko-crash-server-pipe.2396"" 2676 16fd74f8 tab
PID:584",FileEvent,Read,2021-10-09 16:24:09.210,8192
"""C:\Program Files\Mozilla Firefox\firefox.exe"" -contentproc --channel=""2396.3.298518820\208589793"" -childID 2 -isForBrowser -prefsHandle 1612 -prefMapHandle 2672 -prefsLen 9000 -prefMapSize 252743 -jsInit 840 286204 -parentBuildID 20210927210923 -appdir ""C:\Program Files\Mozilla Firefox\browser"" - 2396 ""\\.\pipe\gecko-crash-server-pipe.2396"" 2676 16fd74f8 tab
PID:584",C:\Users\jpdz\AppData\Local\Temp\mozilla-temp-files\mozilla-temp-41,FileEvent,Write,2021-10-09 16:24:10.678,98304
C:\Windows\Prefetch\FIREFOX.EXE-A606B53C.pf,"""C:\Program Files\Mozilla Firefox\firefox.exe"" -contentproc --channel=""2396.5.1965766641\1601166848"" -parentBuildID 20210927210923 -prefsHandle 3296 -prefMapHandle 3292 -prefsLen 9838 -prefMapSize 252743 -appdir ""C:\Program Files\Mozilla Firefox\browser"" - 2396 ""\\.\pipe\gecko-crash-server-pipe.2396"" 3308 d7b0758 rdd
PID:3320",FileEvent,Read,2021-10-09 16:24:09.740,61006
C:\Program Files\Mozilla Firefox\dependentlibs.list,"""C:\Program Files\Mozilla Firefox\firefox.exe"" -contentproc --channel=""2396.5.1965766641\1601166848"" -parentBuildID 20210927210923 -prefsHandle 3296 -prefMapHandle 3292 -prefsLen 9838 -prefMapSize 252743 -appdir ""C:\Program Files\Mozilla Firefox\browser"" - 2396 ""\\.\pipe\gecko-crash-server-pipe.2396"" 3308 d7b0758 rdd
PID:3320",FileEvent,Read,2021-10-09 16:24:09.747,8192
