start,end,eventtype,operationtype,time,ref.size
"""C:\Program Files\Mozilla Firefox\firefox.exe"" https://jobgallardo.com.mx/wp-admin/ut/link/
PID:2808",C:\Users\jpdz\AppData\Local\Mozilla\Firefox\Profiles\uzjxbbj5.default-release\cache2\entries\6F5327CEC98E4ECC63AA9ED193307E6F029877DC,FileEvent,Write,2021-10-09 16:24:13.762,48339
C:\Program Files\Mozilla Firefox\api-ms-win-crt-multibyte-l1-1-0.dll,"""C:\Program Files\Mozilla Firefox\firefox.exe"" https://jobgallardo.com.mx/wp-admin/ut/link/
PID:2808",FileEvent,Read,2021-10-09 16:24:09.570,65536
"""C:\Program Files\Mozilla Firefox\firefox.exe"" https://jobgallardo.com.mx/wp-admin/ut/link/
PID:2808",103.254.188.158,IpChannelEvent,TcpIpConnect,2021-10-09 16:24:12.749,0
"""C:\Program Files\Mozilla Firefox\firefox.exe"" https://jobgallardo.com.mx/wp-admin/ut/link/
PID:2808",103.254.188.158,IpChannelEvent,TcpIpSend,2021-10-09 16:24:12.760,1077
103.254.188.158,"""C:\Program Files\Mozilla Firefox\firefox.exe"" https://jobgallardo.com.mx/wp-admin/ut/link/
PID:2808",IpChannelEvent,TcpIpRecv,2021-10-09 16:24:12.760,5471
C:\Users\jpdz\AppData\Local\Mozilla\Firefox\Profiles\uzjxbbj5.default-release\safebrowsing\social-tracking-protection-facebook-digest256.vlpset,"""C:\Program Files\Mozilla Firefox\firefox.exe"" https://jobgallardo.com.mx/wp-admin/ut/link/
PID:2808",FileEvent,Read,2021-10-09 16:24:10.161,453
C:\Users\jpdz\AppData\Local\Mozilla\Firefox\Profiles\uzjxbbj5.default-release\safebrowsing\google4\goog-malware-proto.metadata,"""C:\Program Files\Mozilla Firefox\firefox.exe"" https://jobgallardo.com.mx/wp-admin/ut/link/
PID:2808",FileEvent,Read,2021-10-09 16:24:11.814,71
C:\Users\jpdz\AppData\Roaming\Mozilla\Firefox\Profiles\uzjxbbj5.default-release\storage\default\moz-extension+++0c3666b5-67b1-4855-b50d-d5fbfc0d2874^userContextId=4294967295\.metadata-v2,"""C:\Program Files\Mozilla Firefox\firefox.exe"" https://jobgallardo.com.mx/wp-admin/ut/link/
PID:2808",FileEvent,Read,2021-10-09 16:24:12.266,512
"""C:\Program Files\Mozilla Firefox\firefox.exe"" https://jobgallardo.com.mx/wp-admin/ut/link/
PID:2808",C:\Users\jpdz\AppData\Roaming\Mozilla\Firefox\Profiles\uzjxbbj5.default-release\storage\default\moz-extension+++0c3666b5-67b1-4855-b50d-d5fbfc0d2874^userContextId=4294967295\.metadata-v2,FileEvent,Write,2021-10-09 16:24:12.852,8
C:\Users\jpdz\AppData\Local\Mozilla\Firefox\Profiles\uzjxbbj5.default-release\safebrowsing\google-trackwhite-digest256.sbstore,"""C:\Program Files\Mozilla Firefox\firefox.exe"" https://jobgallardo.com.mx/wp-admin/ut/link/
PID:2808",FileEvent,Read,2021-10-09 16:24:11.813,46359
"""C:\Program Files\Mozilla Firefox\firefox.exe"" https://jobgallardo.com.mx/wp-admin/ut/link/
PID:2808",52.84.228.43,IpChannelEvent,TcpIpConnect,2021-10-09 16:24:11.988,0
52.84.228.43,"""C:\Program Files\Mozilla Firefox\firefox.exe"" https://jobgallardo.com.mx/wp-admin/ut/link/
PID:2808",IpChannelEvent,TcpIpRecv,2021-10-09 16:24:12.135,9620
"""C:\Program Files\Mozilla Firefox\firefox.exe"" https://jobgallardo.com.mx/wp-admin/ut/link/
PID:2808",52.84.228.43,IpChannelEvent,TcpIpSend,2021-10-09 16:24:12.98,1102
C:\Users\jpdz\AppData\Roaming\Mozilla\Firefox\Profiles\uzjxbbj5.default-release\extension-settings.json,"""C:\Program Files\Mozilla Firefox\firefox.exe"" https://jobgallardo.com.mx/wp-admin/ut/link/
PID:2808",FileEvent,Read,2021-10-09 16:24:09.922,284
C:\Users\jpdz\AppData\Roaming\Mozilla\Firefox\Profiles\uzjxbbj5.default-release\storage\permanent\chrome\idb\1451318868ntouromlalnodry--epcr.sqlite,"""C:\Program Files\Mozilla Firefox\firefox.exe"" https://jobgallardo.com.mx/wp-admin/ut/link/
PID:2808",FileEvent,Read,2021-10-09 16:24:09.848,37064
C:\Users\jpdz\AppData\Local\Mozilla\Firefox\Profiles\uzjxbbj5.default-release\safebrowsing\google-trackwhite-digest256.vlpset,"""C:\Program Files\Mozilla Firefox\firefox.exe"" https://jobgallardo.com.mx/wp-admin/ut/link/
PID:2808",FileEvent,Read,2021-10-09 16:24:10.154,3014656
C:\Users\jpdz\AppData\Roaming\Microsoft\Internet Explorer\Quick Launch\User Pinned\TaskBar\Firefox.lnk,"""C:\Program Files\Mozilla Firefox\firefox.exe"" https://jobgallardo.com.mx/wp-admin/ut/link/
PID:2808",FileEvent,Read,2021-10-09 16:24:11.906,4096
C:\Program Files\desktop.ini,"""C:\Program Files\Mozilla Firefox\firefox.exe"" https://jobgallardo.com.mx/wp-admin/ut/link/
PID:2808",FileEvent,Read,2021-10-09 16:24:11.909,176
C:\Users\jpdz\AppData\Roaming\Mozilla\Firefox\Profiles\uzjxbbj5.default-release\storage\default\moz-extension+++0424fd79-b62a-421f-bf32-0d1549ab34f2^userContextId=4294967295\idb\3647222921wleabcEoxlt-eengsairo.sqlite,"""C:\Program Files\Mozilla Firefox\firefox.exe"" https://jobgallardo.com.mx/wp-admin/ut/link/
PID:2808",FileEvent,Read,2021-10-09 16:24:17.803,37064
"""C:\Program Files\Mozilla Firefox\firefox.exe"" https://jobgallardo.com.mx/wp-admin/ut/link/
PID:2808",C:\Users\jpdz\AppData\Roaming\Mozilla\Firefox\Profiles\uzjxbbj5.default-release\storage\default\moz-extension+++0424fd79-b62a-421f-bf32-0d1549ab34f2^userContextId=4294967295\idb\3647222921wleabcEoxlt-eengsairo.sqlite,FileEvent,Write,2021-10-09 16:24:21.343,8192
"""C:\Program Files\Mozilla Firefox\firefox.exe"" https://jobgallardo.com.mx/wp-admin/ut/link/
PID:2808",C:\Users\jpdz\AppData\Roaming\Mozilla\Firefox\Profiles\uzjxbbj5.default-release\storage\default\moz-extension+++7b7c287d-b9ee-4c40-99c0-63c5bd847cee^userContextId=4294967295\idb\3647222921wleabcEoxlt-eengsairo.sqlite-shm,FileEvent,Delete,2021-10-09 16:24:12.851,0
"""C:\Program Files\Mozilla Firefox\firefox.exe"" https://jobgallardo.com.mx/wp-admin/ut/link/
PID:2808",C:\Users\jpdz\AppData\Roaming\Mozilla\Firefox\Profiles\uzjxbbj5.default-release\storage\default\moz-extension+++7b7c287d-b9ee-4c40-99c0-63c5bd847cee^userContextId=4294967295\idb\3647222921wleabcEoxlt-eengsairo.sqlite-shm,FileEvent,Delete,2021-10-09 16:24:24.480,0
C:\Users\jpdz\AppData\Roaming\Mozilla\Firefox\Profiles\uzjxbbj5.default-release\storage\default\moz-extension+++7b7c287d-b9ee-4c40-99c0-63c5bd847cee^userContextId=4294967295\idb\3647222921wleabcEoxlt-eengsairo.sqlite-shm,"""C:\Program Files\Mozilla Firefox\firefox.exe"" https://jobgallardo.com.mx/wp-admin/ut/link/
PID:2808",FileEvent,Read,2021-10-09 16:24:12.851,65536
C:\Users\jpdz\AppData\Local\Mozilla\Firefox\Profiles\uzjxbbj5.default-release\safebrowsing\base-cryptomining-track-digest256.vlpset,"""C:\Program Files\Mozilla Firefox\firefox.exe"" https://jobgallardo.com.mx/wp-admin/ut/link/
PID:2808",FileEvent,Read,2021-10-09 16:24:10.154,2277
"""C:\Program Files\Mozilla Firefox\firefox.exe"" https://jobgallardo.com.mx/wp-admin/ut/link/
PID:2808",C:\Users\jpdz\AppData\Local\Mozilla\Firefox\Profiles\uzjxbbj5.default-release\cache2\entries\54D74E2D0F29BC684EADC334F4B61DC26137AFD9,FileEvent,Write,2021-10-09 16:24:12.495,26414
C:\Users\jpdz\AppData\Roaming\Mozilla\Firefox\Profiles\uzjxbbj5.default-release\storage\permanent\chrome\.metadata-v2,"""C:\Program Files\Mozilla Firefox\firefox.exe"" https://jobgallardo.com.mx/wp-admin/ut/link/
PID:2808",FileEvent,Read,2021-10-09 16:24:09.828,512
C:\Users\jpdz\AppData\Local\Mozilla\Firefox\Profiles\uzjxbbj5.default-release\safebrowsing\analytics-track-digest256.sbstore,"""C:\Program Files\Mozilla Firefox\firefox.exe"" https://jobgallardo.com.mx/wp-admin/ut/link/
PID:2808",FileEvent,Read,2021-10-09 16:24:11.812,559
"""C:\Program Files\Mozilla Firefox\firefox.exe"" https://jobgallardo.com.mx/wp-admin/ut/link/
PID:2808","""C:\Program Files\Mozilla Firefox\firefox.exe"" -contentproc --channel=""2808.1.413074860\480648709"" -childID 1 -isForBrowser -prefsHandle 2176 -prefMapHandle 2168 -prefsLen 3677 -prefMapSize 252743 -jsInit 844 286204 -parentBuildID 20210927210923 -appdir ""C:\Program Files\Mozilla Firefox\browser"" - 2808 ""\\.\pipe\gecko-crash-server-pipe.2808"" 2188 156bf648 tab
PID:560",ProcessEvent,Create,2021-10-09 16:24:10.2,
"""C:\Program Files\Mozilla Firefox\firefox.exe"" https://jobgallardo.com.mx/wp-admin/ut/link/
PID:2808",C:\Users\jpdz\AppData\Roaming\Mozilla\Firefox\Profiles\uzjxbbj5.default-release\storage\permanent\chrome\idb\2823318777ntouromlalnodry--naod.sqlite-shm,FileEvent,Delete,2021-10-09 16:24:11.868,0
"""C:\Program Files\Mozilla Firefox\firefox.exe"" https://jobgallardo.com.mx/wp-admin/ut/link/
PID:2808",C:\Users\jpdz\AppData\Roaming\Mozilla\Firefox\Profiles\uzjxbbj5.default-release\storage\permanent\chrome\idb\2823318777ntouromlalnodry--naod.sqlite-shm,FileEvent,Delete,2021-10-09 16:24:23.895,0
C:\Users\jpdz\AppData\Roaming\Mozilla\Firefox\Profiles\uzjxbbj5.default-release\storage\permanent\chrome\idb\2823318777ntouromlalnodry--naod.sqlite-shm,"""C:\Program Files\Mozilla Firefox\firefox.exe"" https://jobgallardo.com.mx/wp-admin/ut/link/
PID:2808",FileEvent,Read,2021-10-09 16:24:11.868,65536
C:\Users\jpdz\AppData\Roaming\Mozilla\Firefox\Profiles\uzjxbbj5.default-release\storage\ls-archive.sqlite,"""C:\Program Files\Mozilla Firefox\firefox.exe"" https://jobgallardo.com.mx/wp-admin/ut/link/
PID:2808",FileEvent,Read,2021-10-09 16:24:09.828,65684
"""C:\Program Files\Mozilla Firefox\firefox.exe"" https://jobgallardo.com.mx/wp-admin/ut/link/
PID:2808",C:\Users\jpdz\AppData\Roaming\Mozilla\Firefox\Profiles\uzjxbbj5.default-release\places.sqlite-wal,FileEvent,Write,2021-10-09 16:24:10.144,4128
"""C:\Program Files\Mozilla Firefox\firefox.exe"" https://jobgallardo.com.mx/wp-admin/ut/link/
PID:2808",C:\Users\jpdz\AppData\Roaming\Mozilla\Firefox\Profiles\uzjxbbj5.default-release\places.sqlite-wal,FileEvent,Write,2021-10-09 16:24:11.650,65584
C:\Users\jpdz\AppData\Local\Mozilla\Firefox\Profiles\uzjxbbj5.default-release\safebrowsing\ads-track-digest256.vlpset,"""C:\Program Files\Mozilla Firefox\firefox.exe"" https://jobgallardo.com.mx/wp-admin/ut/link/
PID:2808",FileEvent,Read,2021-10-09 16:24:10.153,55877
C:\Users\jpdz\AppData\Local\Mozilla\Firefox\Profiles\uzjxbbj5.default-release\safebrowsing\analytics-track-digest256.vlpset,"""C:\Program Files\Mozilla Firefox\firefox.exe"" https://jobgallardo.com.mx/wp-admin/ut/link/
PID:2808",FileEvent,Read,2021-10-09 16:24:10.154,10021
C:\Users\jpdz\AppData\Roaming\Mozilla\Firefox\Profiles\uzjxbbj5.default-release\prefs.js,"""C:\Program Files\Mozilla Firefox\firefox.exe"" https://jobgallardo.com.mx/wp-admin/ut/link/
PID:2808",FileEvent,Read,2021-10-09 16:24:09.650,20224
"""C:\Program Files\Mozilla Firefox\firefox.exe"" https://jobgallardo.com.mx/wp-admin/ut/link/
PID:2808",C:\Users\jpdz\AppData\Roaming\Mozilla\Firefox\Profiles\uzjxbbj5.default-release\sessionCheckpoints.json.tmp,FileEvent,Write,2021-10-09 16:24:09.799,143
"""C:\Program Files\Mozilla Firefox\firefox.exe"" https://jobgallardo.com.mx/wp-admin/ut/link/
PID:2808",121.194.10.78,IpChannelEvent,TcpIpConnect,2021-10-09 16:24:12.519,0
"""C:\Program Files\Mozilla Firefox\firefox.exe"" https://jobgallardo.com.mx/wp-admin/ut/link/
PID:2808",121.194.10.78,IpChannelEvent,TcpIpSend,2021-10-09 16:24:12.528,326
121.194.10.78,"""C:\Program Files\Mozilla Firefox\firefox.exe"" https://jobgallardo.com.mx/wp-admin/ut/link/
PID:2808",IpChannelEvent,TcpIpRecv,2021-10-09 16:24:12.528,647
C:\Users\jpdz\AppData\Local\Mozilla\Firefox\Profiles\uzjxbbj5.default-release\safebrowsing\allow-flashallow-digest256.vlpset,"""C:\Program Files\Mozilla Firefox\firefox.exe"" https://jobgallardo.com.mx/wp-admin/ut/link/
PID:2808",FileEvent,Read,2021-10-09 16:24:10.153,69
"""C:\Program Files\Mozilla Firefox\firefox.exe"" https://jobgallardo.com.mx/wp-admin/ut/link/
PID:2808",C:\Users\jpdz\AppData\Roaming\Mozilla\Firefox\Profiles\uzjxbbj5.default-release\cookies.sqlite-shm,FileEvent,Delete,2021-10-09 16:24:09.765,0
C:\Users\jpdz\AppData\Roaming\Mozilla\Firefox\Profiles\uzjxbbj5.default-release\cookies.sqlite-shm,"""C:\Program Files\Mozilla Firefox\firefox.exe"" https://jobgallardo.com.mx/wp-admin/ut/link/
PID:2808",FileEvent,Read,2021-10-09 16:24:09.765,65536
"""C:\Program Files\Mozilla Firefox\firefox.exe"" https://jobgallardo.com.mx/wp-admin/ut/link/
PID:2808",C:\Users\jpdz\AppData\Local\Mozilla\Firefox\Profiles\uzjxbbj5.default-release\cache2\doomed\4257,FileEvent,Delete,2021-10-09 16:24:15.39,0
C:\Users\jpdz\AppData\Roaming\Mozilla\Firefox\Profiles\UZJXBB~1.DEF\cert9.db,"""C:\Program Files\Mozilla Firefox\firefox.exe"" https://jobgallardo.com.mx/wp-admin/ut/link/
PID:2808",FileEvent,Read,2021-10-09 16:24:09.944,131652
C:\Users\jpdz\AppData\Roaming\Mozilla\Firefox\Profiles\UZJXBB~1.DEF\cert9.db,"""C:\Program Files\Mozilla Firefox\firefox.exe"" https://jobgallardo.com.mx/wp-admin/ut/link/
PID:2808",FileEvent,Read,2021-10-09 16:24:11.719,6384
C:\Users\jpdz\AppData\Roaming\Mozilla\Firefox\Profiles\uzjxbbj5.default-release\places.sqlite,"""C:\Program Files\Mozilla Firefox\firefox.exe"" https://jobgallardo.com.mx/wp-admin/ut/link/
PID:2808",FileEvent,Read,2021-10-09 16:24:10.140,196708
C:\Users\jpdz\AppData\Roaming\Mozilla\Firefox\Profiles\uzjxbbj5.default-release\places.sqlite,"""C:\Program Files\Mozilla Firefox\firefox.exe"" https://jobgallardo.com.mx/wp-admin/ut/link/
PID:2808",FileEvent,Read,2021-10-09 16:24:11.661,360648
"""C:\Program Files\Mozilla Firefox\firefox.exe"" https://jobgallardo.com.mx/wp-admin/ut/link/
PID:2808",C:\Users\jpdz\AppData\Roaming\Mozilla\Firefox\Profiles\uzjxbbj5.default-release\storage\permanent\chrome\idb\1451318868ntouromlalnodry--epcr.sqlite-wal,FileEvent,Delete,2021-10-09 16:24:09.849,0
"""C:\Program Files\Mozilla Firefox\firefox.exe"" https://jobgallardo.com.mx/wp-admin/ut/link/
PID:2808",C:\Users\jpdz\AppData\Roaming\Mozilla\Firefox\Profiles\uzjxbbj5.default-release\storage\permanent\chrome\idb\1451318868ntouromlalnodry--epcr.sqlite-wal,FileEvent,Delete,2021-10-09 16:24:23.848,0
C:\Users\jpdz\AppData\Roaming\Mozilla\Firefox\Profiles\uzjxbbj5.default-release\containers.json,"""C:\Program Files\Mozilla Firefox\firefox.exe"" https://jobgallardo.com.mx/wp-admin/ut/link/
PID:2808",FileEvent,Read,2021-10-09 16:24:11.869,939
"""C:\Program Files\Mozilla Firefox\firefox.exe"" https://jobgallardo.com.mx/wp-admin/ut/link/
PID:2808",C:\ProgramData\Mozilla\updates\308046B0AF4A39CB\update.test,FileEvent,Delete,2021-10-09 16:24:12.99,0
"""C:\Program Files\Mozilla Firefox\firefox.exe"" https://jobgallardo.com.mx/wp-admin/ut/link/
PID:2808",C:\Users\jpdz\AppData\Roaming\Mozilla\Firefox\Profiles\uzjxbbj5.default-release\broadcast-listeners.json.tmp,FileEvent,Write,2021-10-09 16:24:18.810,216
"""C:\Program Files\Mozilla Firefox\firefox.exe"" https://jobgallardo.com.mx/wp-admin/ut/link/
PID:2808",35.244.247.133,IpChannelEvent,TcpIpConnect,2021-10-09 16:24:12.134,0
"""C:\Program Files\Mozilla Firefox\firefox.exe"" https://jobgallardo.com.mx/wp-admin/ut/link/
PID:2808",35.244.247.133,IpChannelEvent,TcpIpDisconnect,2021-10-09 16:24:12.234,0
35.244.247.133,"""C:\Program Files\Mozilla Firefox\firefox.exe"" https://jobgallardo.com.mx/wp-admin/ut/link/
PID:2808",IpChannelEvent,TcpIpRecv,2021-10-09 16:24:12.190,4009
"""C:\Program Files\Mozilla Firefox\firefox.exe"" https://jobgallardo.com.mx/wp-admin/ut/link/
PID:2808",35.244.247.133,IpChannelEvent,TcpIpSend,2021-10-09 16:24:12.190,792
"""C:\Program Files\Mozilla Firefox\firefox.exe"" https://jobgallardo.com.mx/wp-admin/ut/link/
PID:2808",203.208.40.34,IpChannelEvent,TcpIpConnect,2021-10-09 16:24:16.402,0
"""C:\Program Files\Mozilla Firefox\firefox.exe"" https://jobgallardo.com.mx/wp-admin/ut/link/
PID:2808",203.208.40.34,IpChannelEvent,TcpIpDisconnect,2021-10-09 16:24:16.654,0
"""C:\Program Files\Mozilla Firefox\firefox.exe"" https://jobgallardo.com.mx/wp-admin/ut/link/
PID:2808",203.208.40.34,IpChannelEvent,TcpIpSend,2021-10-09 16:24:16.477,792
203.208.40.34,"""C:\Program Files\Mozilla Firefox\firefox.exe"" https://jobgallardo.com.mx/wp-admin/ut/link/
PID:2808",IpChannelEvent,TcpIpRecv,2021-10-09 16:24:16.477,4433
"""C:\Program Files\Mozilla Firefox\firefox.exe"" https://jobgallardo.com.mx/wp-admin/ut/link/
PID:2808",C:\Users\jpdz\AppData\Roaming\Mozilla\Firefox\Profiles\uzjxbbj5.default-release\storage\permanent\chrome\idb\1451318868ntouromlalnodry--epcr.sqlite-shm,FileEvent,Delete,2021-10-09 16:24:09.849,0
C:\Users\jpdz\AppData\Roaming\Mozilla\Firefox\Profiles\uzjxbbj5.default-release\storage\permanent\chrome\idb\1451318868ntouromlalnodry--epcr.sqlite-shm,"""C:\Program Files\Mozilla Firefox\firefox.exe"" https://jobgallardo.com.mx/wp-admin/ut/link/
PID:2808",FileEvent,Read,2021-10-09 16:24:09.849,65536
"""C:\Program Files\Mozilla Firefox\firefox.exe"" https://jobgallardo.com.mx/wp-admin/ut/link/
PID:2808",C:\Users\jpdz\AppData\Roaming\Mozilla\Firefox\Profiles\uzjxbbj5.default-release\storage\permanent\chrome\idb\1451318868ntouromlalnodry--epcr.sqlite-shm,FileEvent,Delete,2021-10-09 16:24:23.848,0
C:\Users\jpdz\AppData\Roaming\Mozilla\Firefox\Profiles\uzjxbbj5.default-release\favicons.sqlite,"""C:\Program Files\Mozilla Firefox\firefox.exe"" https://jobgallardo.com.mx/wp-admin/ut/link/
PID:2808",FileEvent,Read,2021-10-09 16:24:10.141,98404
C:\Users\jpdz\AppData\Roaming\Mozilla\Firefox\Profiles\uzjxbbj5.default-release\favicons.sqlite,"""C:\Program Files\Mozilla Firefox\firefox.exe"" https://jobgallardo.com.mx/wp-admin/ut/link/
PID:2808",FileEvent,Read,2021-10-09 16:24:11.662,360648
C:\Program Files\Mozilla Firefox\api-ms-win-crt-time-l1-1-0.dll,"""C:\Program Files\Mozilla Firefox\firefox.exe"" https://jobgallardo.com.mx/wp-admin/ut/link/
PID:2808",FileEvent,Read,2021-10-09 16:24:09.570,65536
C:\Users\jpdz\AppData\Local\Mozilla\Firefox\Profiles\uzjxbbj5.default-release\safebrowsing\mozstd-trackwhite-digest256.sbstore,"""C:\Program Files\Mozilla Firefox\firefox.exe"" https://jobgallardo.com.mx/wp-admin/ut/link/
PID:2808",FileEvent,Read,2021-10-09 16:24:11.813,9969
C:\Users\jpdz\AppData\Roaming\Mozilla\Firefox\Crash Reports\InstallTime20210927210923,"""C:\Program Files\Mozilla Firefox\firefox.exe"" https://jobgallardo.com.mx/wp-admin/ut/link/
PID:2808",FileEvent,Read,2021-10-09 16:24:09.628,10
"""C:\Program Files\Mozilla Firefox\firefox.exe"" https://jobgallardo.com.mx/wp-admin/ut/link/
PID:2808","""C:\Program Files\Mozilla Firefox\firefox.exe"" -contentproc --channel=""2808.8.11639272\1568452053"" -childID 3 -isForBrowser -prefsHandle 3604 -prefMapHandle 3600 -prefsLen 9770 -prefMapSize 252743 -jsInit 844 286204 -parentBuildID 20210927210923 -appdir ""C:\Program Files\Mozilla Firefox\browser"" - 2808 ""\\.\pipe\gecko-crash-server-pipe.2808"" 3616 1caa4f78 tab
PID:596",ProcessEvent,Create,2021-10-09 16:24:12.733,
"""C:\Program Files\Mozilla Firefox\firefox.exe"" https://jobgallardo.com.mx/wp-admin/ut/link/
PID:2808",121.194.1.38,IpChannelEvent,TcpIpConnect,2021-10-09 16:24:12.968,0
121.194.1.38,"""C:\Program Files\Mozilla Firefox\firefox.exe"" https://jobgallardo.com.mx/wp-admin/ut/link/
PID:2808",IpChannelEvent,TcpIpRecv,2021-10-09 16:24:12.974,1090
"""C:\Program Files\Mozilla Firefox\firefox.exe"" https://jobgallardo.com.mx/wp-admin/ut/link/
PID:2808",121.194.1.38,IpChannelEvent,TcpIpSend,2021-10-09 16:24:12.974,453
C:\Users\jpdz\AppData\Local\Mozilla\Firefox\Profiles\uzjxbbj5.default-release\safebrowsing\block-flashsubdoc-digest256.vlpset,"""C:\Program Files\Mozilla Firefox\firefox.exe"" https://jobgallardo.com.mx/wp-admin/ut/link/
PID:2808",FileEvent,Read,2021-10-09 16:24:10.154,262144
"""C:\Program Files\Mozilla Firefox\firefox.exe"" https://jobgallardo.com.mx/wp-admin/ut/link/
PID:2808",162.144.239.160,IpChannelEvent,TcpIpConnect,2021-10-09 16:24:11.999,0
"""C:\Program Files\Mozilla Firefox\firefox.exe"" https://jobgallardo.com.mx/wp-admin/ut/link/
PID:2808",162.144.239.160,IpChannelEvent,TcpIpDisconnect,2021-10-09 16:24:23.72,0
"""C:\Program Files\Mozilla Firefox\firefox.exe"" https://jobgallardo.com.mx/wp-admin/ut/link/
PID:2808",162.144.239.160,IpChannelEvent,TcpIpSend,2021-10-09 16:24:12.98,5625
162.144.239.160,"""C:\Program Files\Mozilla Firefox\firefox.exe"" https://jobgallardo.com.mx/wp-admin/ut/link/
PID:2808",IpChannelEvent,TcpIpRecv,2021-10-09 16:24:12.354,412714
C:\Users\jpdz\AppData\Roaming\Mozilla\Firefox\Profiles\uzjxbbj5.default-release\storage.sqlite,"""C:\Program Files\Mozilla Firefox\firefox.exe"" https://jobgallardo.com.mx/wp-admin/ut/link/
PID:2808",FileEvent,Read,2021-10-09 16:24:09.827,2180
C:\Users\jpdz\AppData\Roaming\Mozilla\Firefox\Profiles\uzjxbbj5.default-release\storage.sqlite,"""C:\Program Files\Mozilla Firefox\firefox.exe"" https://jobgallardo.com.mx/wp-admin/ut/link/
PID:2808",FileEvent,Read,2021-10-09 16:24:12.266,3120
"""C:\Program Files\Mozilla Firefox\firefox.exe"" https://jobgallardo.com.mx/wp-admin/ut/link/
PID:2808",C:\Users\jpdz\AppData\Roaming\Mozilla\Firefox\Profiles\uzjxbbj5.default-release\storage.sqlite,FileEvent,Write,2021-10-09 16:24:12.691,4096
C:\Users\jpdz\AppData\Roaming\Mozilla\Firefox\Profiles\uzjxbbj5.default-release\storage\default\moz-extension+++7b7c287d-b9ee-4c40-99c0-63c5bd847cee^userContextId=4294967295\idb\3647222921wleabcEoxlt-eengsairo.sqlite,"""C:\Program Files\Mozilla Firefox\firefox.exe"" https://jobgallardo.com.mx/wp-admin/ut/link/
PID:2808",FileEvent,Read,2021-10-09 16:24:12.850,37064
"""C:\Program Files\Mozilla Firefox\firefox.exe"" https://jobgallardo.com.mx/wp-admin/ut/link/
PID:2808",C:\Users\jpdz\AppData\Local\Mozilla\Firefox\Profiles\uzjxbbj5.default-release\activity-stream.discovery_stream.json.tmp,FileEvent,Write,2021-10-09 16:24:11.739,244988
"""C:\Program Files\Mozilla Firefox\firefox.exe"" https://jobgallardo.com.mx/wp-admin/ut/link/
PID:2808",C:\Users\jpdz\AppData\Roaming\Mozilla\Firefox\Profiles\uzjxbbj5.default-release\storage\permanent\chrome\idb\3561288849sdhlie.sqlite-shm,FileEvent,Delete,2021-10-09 16:24:11.744,0
"""C:\Program Files\Mozilla Firefox\firefox.exe"" https://jobgallardo.com.mx/wp-admin/ut/link/
PID:2808",C:\Users\jpdz\AppData\Roaming\Mozilla\Firefox\Profiles\uzjxbbj5.default-release\storage\permanent\chrome\idb\3561288849sdhlie.sqlite-shm,FileEvent,Delete,2021-10-09 16:24:23.895,0
C:\Users\jpdz\AppData\Roaming\Mozilla\Firefox\Profiles\uzjxbbj5.default-release\storage\permanent\chrome\idb\3561288849sdhlie.sqlite-shm,"""C:\Program Files\Mozilla Firefox\firefox.exe"" https://jobgallardo.com.mx/wp-admin/ut/link/
PID:2808",FileEvent,Read,2021-10-09 16:24:11.743,65536
C:\Users\jpdz\AppData\Roaming\Mozilla\Firefox\Profiles\uzjxbbj5.default-release\gmp-widevinecdm\4.10.2209.1\manifest.json,"""C:\Program Files\Mozilla Firefox\firefox.exe"" https://jobgallardo.com.mx/wp-admin/ut/link/
PID:2808",FileEvent,Read,2021-10-09 16:24:10.13,373
"""C:\Program Files\Mozilla Firefox\firefox.exe"" https://jobgallardo.com.mx/wp-admin/ut/link/
PID:2808",203.208.40.34,IpChannelEvent,TcpIpConnect,2021-10-09 16:24:16.404,0
"""C:\Program Files\Mozilla Firefox\firefox.exe"" https://jobgallardo.com.mx/wp-admin/ut/link/
PID:2808",203.208.40.34,IpChannelEvent,TcpIpDisconnect,2021-10-09 16:24:16.674,0
"""C:\Program Files\Mozilla Firefox\firefox.exe"" https://jobgallardo.com.mx/wp-admin/ut/link/
PID:2808",203.208.40.34,IpChannelEvent,TcpIpSend,2021-10-09 16:24:16.482,792
203.208.40.34,"""C:\Program Files\Mozilla Firefox\firefox.exe"" https://jobgallardo.com.mx/wp-admin/ut/link/
PID:2808",IpChannelEvent,TcpIpRecv,2021-10-09 16:24:16.482,4432
"""C:\Program Files\Mozilla Firefox\firefox.exe"" https://jobgallardo.com.mx/wp-admin/ut/link/
PID:2808",115.157.63.19,IpChannelEvent,TcpIpConnect,2021-10-09 16:24:12.888,0
"""C:\Program Files\Mozilla Firefox\firefox.exe"" https://jobgallardo.com.mx/wp-admin/ut/link/
PID:2808",115.157.63.19,IpChannelEvent,TcpIpSend,2021-10-09 16:24:12.916,1187
115.157.63.19,"""C:\Program Files\Mozilla Firefox\firefox.exe"" https://jobgallardo.com.mx/wp-admin/ut/link/
PID:2808",IpChannelEvent,TcpIpRecv,2021-10-09 16:24:12.916,10294
"""C:\Program Files\Mozilla Firefox\firefox.exe"" https://jobgallardo.com.mx/wp-admin/ut/link/
PID:2808",C:\Users\jpdz\AppData\Roaming\Mozilla\Firefox\Profiles\uzjxbbj5.default-release\extension-settings.json.tmp,FileEvent,Write,2021-10-09 16:24:12.48,284
C:\Users\jpdz\AppData\Roaming\Mozilla\Firefox\Profiles\uzjxbbj5.default-release\SiteSecurityServiceState.txt,"""C:\Program Files\Mozilla Firefox\firefox.exe"" https://jobgallardo.com.mx/wp-admin/ut/link/
PID:2808",FileEvent,Read,2021-10-09 16:24:09.946,433
C:\Users\jpdz\AppData\Roaming\Mozilla\Firefox\Profiles\uzjxbbj5.default-release\addons.json,"""C:\Program Files\Mozilla Firefox\firefox.exe"" https://jobgallardo.com.mx/wp-admin/ut/link/
PID:2808",FileEvent,Read,2021-10-09 16:24:12.49,1022
"""C:\Program Files\Mozilla Firefox\firefox.exe"" https://jobgallardo.com.mx/wp-admin/ut/link/
PID:2808",C:\Users\jpdz\AppData\Local\Mozilla\Firefox\Profiles\uzjxbbj5.default-release\cache2\doomed\13594,FileEvent,Delete,2021-10-09 16:24:15.38,0
C:\Users\jpdz\AppData\Local\Mozilla\Firefox\Profiles\uzjxbbj5.default-release\safebrowsing\ads-track-digest256.sbstore,"""C:\Program Files\Mozilla Firefox\firefox.exe"" https://jobgallardo.com.mx/wp-admin/ut/link/
PID:2808",FileEvent,Read,2021-10-09 16:24:11.812,2019
C:\Program Files\Mozilla Firefox\api-ms-win-crt-filesystem-l1-1-0.dll,"""C:\Program Files\Mozilla Firefox\firefox.exe"" https://jobgallardo.com.mx/wp-admin/ut/link/
PID:2808",FileEvent,Read,2021-10-09 16:24:09.569,65536
"""C:\Program Files\Mozilla Firefox\firefox.exe"" https://jobgallardo.com.mx/wp-admin/ut/link/
PID:2808",203.208.41.34,IpChannelEvent,TcpIpConnect,2021-10-09 16:24:16.492,0
203.208.41.34,"""C:\Program Files\Mozilla Firefox\firefox.exe"" https://jobgallardo.com.mx/wp-admin/ut/link/
PID:2808",IpChannelEvent,TcpIpRecv,2021-10-09 16:24:16.570,702
"""C:\Program Files\Mozilla Firefox\firefox.exe"" https://jobgallardo.com.mx/wp-admin/ut/link/
PID:2808",203.208.41.34,IpChannelEvent,TcpIpSend,2021-10-09 16:24:16.570,459
"""C:\Program Files\Mozilla Firefox\firefox.exe"" https://jobgallardo.com.mx/wp-admin/ut/link/
PID:2808",111.206.176.78,IpChannelEvent,TcpIpConnect,2021-10-09 16:24:12.513,0
"""C:\Program Files\Mozilla Firefox\firefox.exe"" https://jobgallardo.com.mx/wp-admin/ut/link/
PID:2808",111.206.176.78,IpChannelEvent,TcpIpSend,2021-10-09 16:24:12.522,1069
111.206.176.78,"""C:\Program Files\Mozilla Firefox\firefox.exe"" https://jobgallardo.com.mx/wp-admin/ut/link/
PID:2808",IpChannelEvent,TcpIpRecv,2021-10-09 16:24:12.522,11256
"""C:\Program Files\Mozilla Firefox\firefox.exe"" https://jobgallardo.com.mx/wp-admin/ut/link/
PID:2808",C:\Users\jpdz\AppData\Roaming\Mozilla\Firefox\Profiles\uzjxbbj5.default-release\storage\permanent\chrome\idb\2918063365piupsah.sqlite-wal,FileEvent,Delete,2021-10-09 16:24:11.876,0
"""C:\Program Files\Mozilla Firefox\firefox.exe"" https://jobgallardo.com.mx/wp-admin/ut/link/
PID:2808",C:\Users\jpdz\AppData\Roaming\Mozilla\Firefox\Profiles\uzjxbbj5.default-release\storage\permanent\chrome\idb\2918063365piupsah.sqlite-wal,FileEvent,Delete,2021-10-09 16:24:25.254,0
C:\Users\jpdz\AppData\Roaming\Microsoft\Network\Connections\Pbk\_hiddenPbk\rasphone.pbk,"""C:\Program Files\Mozilla Firefox\firefox.exe"" https://jobgallardo.com.mx/wp-admin/ut/link/
PID:2808",FileEvent,Read,2021-10-09 16:24:09.989,2048
C:\Users\jpdz\AppData\Local\Mozilla\Firefox\Profiles\uzjxbbj5.default-release\safebrowsing\social-track-digest256.sbstore,"""C:\Program Files\Mozilla Firefox\firefox.exe"" https://jobgallardo.com.mx/wp-admin/ut/link/
PID:2808",FileEvent,Read,2021-10-09 16:24:11.813,309
C:\Program Files\Mozilla Firefox\api-ms-win-crt-environment-l1-1-0.dll,"""C:\Program Files\Mozilla Firefox\firefox.exe"" https://jobgallardo.com.mx/wp-admin/ut/link/
PID:2808",FileEvent,Read,2021-10-09 16:24:09.569,65536
"""C:\Program Files\Mozilla Firefox\firefox.exe"" https://jobgallardo.com.mx/wp-admin/ut/link/
PID:2808",162.144.239.160,IpChannelEvent,TcpIpConnect,2021-10-09 16:24:14.600,0
"""C:\Program Files\Mozilla Firefox\firefox.exe"" https://jobgallardo.com.mx/wp-admin/ut/link/
PID:2808",162.144.239.160,IpChannelEvent,TcpIpDisconnect,2021-10-09 16:24:20.93,0
162.144.239.160,"""C:\Program Files\Mozilla Firefox\firefox.exe"" https://jobgallardo.com.mx/wp-admin/ut/link/
PID:2808",IpChannelEvent,TcpIpRecv,2021-10-09 16:24:14.887,6283
"""C:\Program Files\Mozilla Firefox\firefox.exe"" https://jobgallardo.com.mx/wp-admin/ut/link/
PID:2808",162.144.239.160,IpChannelEvent,TcpIpSend,2021-10-09 16:24:14.608,605
"""C:\Program Files\Mozilla Firefox\firefox.exe"" https://jobgallardo.com.mx/wp-admin/ut/link/
PID:2808",C:\Users\jpdz\AppData\Roaming\Mozilla\Firefox\Profiles\uzjxbbj5.default-release\datareporting\glean\db\data.safe.bin,FileEvent,Write,2021-10-09 16:24:12.50,46693
C:\Users\jpdz\AppData\Roaming\Mozilla\Firefox\Profiles\uzjxbbj5.default-release\datareporting\glean\db\data.safe.bin,"""C:\Program Files\Mozilla Firefox\firefox.exe"" https://jobgallardo.com.mx/wp-admin/ut/link/
PID:2808",FileEvent,Read,2021-10-09 16:24:12.50,2579
C:\Users\jpdz\AppData\Roaming\Mozilla\Firefox\Profiles\uzjxbbj5.default-release\storage\permanent\chrome\idb\2918063365piupsah.sqlite,"""C:\Program Files\Mozilla Firefox\firefox.exe"" https://jobgallardo.com.mx/wp-admin/ut/link/
PID:2808",FileEvent,Read,2021-10-09 16:24:11.875,41160
"""C:\Program Files\Mozilla Firefox\firefox.exe"" https://jobgallardo.com.mx/wp-admin/ut/link/
PID:2808",52.84.228.93,IpChannelEvent,TcpIpConnect,2021-10-09 16:24:12.145,0
52.84.228.93,"""C:\Program Files\Mozilla Firefox\firefox.exe"" https://jobgallardo.com.mx/wp-admin/ut/link/
PID:2808",IpChannelEvent,TcpIpRecv,2021-10-09 16:24:12.214,5116
"""C:\Program Files\Mozilla Firefox\firefox.exe"" https://jobgallardo.com.mx/wp-admin/ut/link/
PID:2808",52.84.228.93,IpChannelEvent,TcpIpSend,2021-10-09 16:24:12.214,1080
C:\Users\jpdz\AppData\Roaming\Mozilla\Firefox\profiles.ini,"""C:\Program Files\Mozilla Firefox\firefox.exe"" https://jobgallardo.com.mx/wp-admin/ut/link/
PID:2808",FileEvent,Read,2021-10-09 16:24:09.629,305
C:\Users\jpdz\AppData\Local\Mozilla\Firefox\Profiles\uzjxbbj5.default-release\safebrowsing\except-flash-digest256.sbstore,"""C:\Program Files\Mozilla Firefox\firefox.exe"" https://jobgallardo.com.mx/wp-admin/ut/link/
PID:2808",FileEvent,Read,2021-10-09 16:24:11.812,240
C:\Users\jpdz\AppData\Local\Mozilla\Firefox\Profiles\uzjxbbj5.default-release\safebrowsing\except-flash-digest256.vlpset,"""C:\Program Files\Mozilla Firefox\firefox.exe"" https://jobgallardo.com.mx/wp-admin/ut/link/
PID:2808",FileEvent,Read,2021-10-09 16:24:10.154,101
C:\Users\jpdz\AppData\Local\Mozilla\Firefox\Profiles\uzjxbbj5.default-release\safebrowsing\google4\goog-downloadwhite-proto.metadata,"""C:\Program Files\Mozilla Firefox\firefox.exe"" https://jobgallardo.com.mx/wp-admin/ut/link/
PID:2808",FileEvent,Read,2021-10-09 16:24:11.814,69
"""C:\Program Files\Mozilla Firefox\firefox.exe"" https://jobgallardo.com.mx/wp-admin/ut/link/
PID:2808",C:\Users\jpdz\AppData\Roaming\Mozilla\Firefox\Profiles\uzjxbbj5.default-release\storage\permanent\chrome\idb\3870112724rsegmnoittet-es.sqlite-wal,FileEvent,Delete,2021-10-09 16:24:09.831,0
"""C:\Program Files\Mozilla Firefox\firefox.exe"" https://jobgallardo.com.mx/wp-admin/ut/link/
PID:2808",C:\Users\jpdz\AppData\Roaming\Mozilla\Firefox\Profiles\uzjxbbj5.default-release\storage\permanent\chrome\idb\3870112724rsegmnoittet-es.sqlite-wal,FileEvent,Delete,2021-10-09 16:24:31.530,0
"""C:\Program Files\Mozilla Firefox\firefox.exe"" https://jobgallardo.com.mx/wp-admin/ut/link/
PID:2808",C:\Users\jpdz\AppData\Roaming\Mozilla\Firefox\Profiles\uzjxbbj5.default-release\storage\permanent\chrome\idb\3870112724rsegmnoittet-es.sqlite-wal,FileEvent,Write,2021-10-09 16:24:14.66,480624
C:\Users\jpdz\AppData\Roaming\Mozilla\Firefox\Profiles\uzjxbbj5.default-release\storage\permanent\chrome\idb\3870112724rsegmnoittet-es.sqlite-wal,"""C:\Program Files\Mozilla Firefox\firefox.exe"" https://jobgallardo.com.mx/wp-admin/ut/link/
PID:2808",FileEvent,Read,2021-10-09 16:24:19.798,204800
"""C:\Program Files\Mozilla Firefox\firefox.exe"" https://jobgallardo.com.mx/wp-admin/ut/link/
PID:2808",C:\Users\jpdz\AppData\Roaming\Mozilla\Firefox\Profiles\uzjxbbj5.default-release\storage\permanent\chrome\idb\1657114595AmcateirvtiSty.sqlite-shm,FileEvent,Delete,2021-10-09 16:24:11.674,0
"""C:\Program Files\Mozilla Firefox\firefox.exe"" https://jobgallardo.com.mx/wp-admin/ut/link/
PID:2808",C:\Users\jpdz\AppData\Roaming\Mozilla\Firefox\Profiles\uzjxbbj5.default-release\storage\permanent\chrome\idb\1657114595AmcateirvtiSty.sqlite-shm,FileEvent,Delete,2021-10-09 16:24:24.481,0
C:\Users\jpdz\AppData\Roaming\Mozilla\Firefox\Profiles\uzjxbbj5.default-release\storage\permanent\chrome\idb\1657114595AmcateirvtiSty.sqlite-shm,"""C:\Program Files\Mozilla Firefox\firefox.exe"" https://jobgallardo.com.mx/wp-admin/ut/link/
PID:2808",FileEvent,Read,2021-10-09 16:24:11.673,65536
C:\Users\jpdz\AppData\Local\Mozilla\Firefox\Profiles\uzjxbbj5.default-release\safebrowsing\social-tracking-protection-facebook-digest256.sbstore,"""C:\Program Files\Mozilla Firefox\firefox.exe"" https://jobgallardo.com.mx/wp-admin/ut/link/
PID:2808",FileEvent,Read,2021-10-09 16:24:11.813,256
"""C:\Program Files\Mozilla Firefox\firefox.exe"" https://jobgallardo.com.mx/wp-admin/ut/link/
PID:2808",C:\Users\jpdz\AppData\Roaming\Mozilla\Firefox\Profiles\uzjxbbj5.default-release\addonStartup.json.lz4.tmp,FileEvent,Write,2021-10-09 16:24:13.897,5706
C:\Users\jpdz\AppData\Local\Mozilla\Firefox\Profiles\uzjxbbj5.default-release\cache2\entries\3B2DB0CC02AD1DD0C4C39368E12A8E60370437C4,"""C:\Program Files\Mozilla Firefox\firefox.exe"" https://jobgallardo.com.mx/wp-admin/ut/link/
PID:2808",FileEvent,Read,2021-10-09 16:24:11.970,10113
"""C:\Program Files\Mozilla Firefox\firefox.exe"" https://jobgallardo.com.mx/wp-admin/ut/link/
PID:2808",C:\Users\jpdz\AppData\Local\Mozilla\Firefox\Profiles\uzjxbbj5.default-release\cache2\entries\3B2DB0CC02AD1DD0C4C39368E12A8E60370437C4,FileEvent,Write,2021-10-09 16:24:12.90,39466
"""C:\Program Files\Mozilla Firefox\firefox.exe"" https://jobgallardo.com.mx/wp-admin/ut/link/
PID:2808",162.144.239.160,IpChannelEvent,TcpIpConnect,2021-10-09 16:24:14.601,0
"""C:\Program Files\Mozilla Firefox\firefox.exe"" https://jobgallardo.com.mx/wp-admin/ut/link/
PID:2808",162.144.239.160,IpChannelEvent,TcpIpDisconnect,2021-10-09 16:24:23.247,0
"""C:\Program Files\Mozilla Firefox\firefox.exe"" https://jobgallardo.com.mx/wp-admin/ut/link/
PID:2808",162.144.239.160,IpChannelEvent,TcpIpSend,2021-10-09 16:24:14.608,2243
162.144.239.160,"""C:\Program Files\Mozilla Firefox\firefox.exe"" https://jobgallardo.com.mx/wp-admin/ut/link/
PID:2808",IpChannelEvent,TcpIpRecv,2021-10-09 16:24:14.884,266454
C:\Users\jpdz\AppData\Roaming\Mozilla\Firefox\Profiles\uzjxbbj5.default-release\gmp-gmpopenh264\1.8.1.1\gmpopenh264.info,"""C:\Program Files\Mozilla Firefox\firefox.exe"" https://jobgallardo.com.mx/wp-admin/ut/link/
PID:2808",FileEvent,Read,2021-10-09 16:24:10.13,116
C:\Users\jpdz\AppData\Roaming\Mozilla\Firefox\Profiles\uzjxbbj5.default-release\broadcast-listeners.json,"""C:\Program Files\Mozilla Firefox\firefox.exe"" https://jobgallardo.com.mx/wp-admin/ut/link/
PID:2808",FileEvent,Read,2021-10-09 16:24:11.926,216
"""C:\Program Files\Mozilla Firefox\firefox.exe"" https://jobgallardo.com.mx/wp-admin/ut/link/
PID:2808",C:\Users\jpdz\AppData\Local\Mozilla\Firefox\Profiles\uzjxbbj5.default-release\cache2\entries\8B5CCF916574398AB42C1F9D614CC9857D4B21FF,FileEvent,Write,2021-10-09 16:24:17.148,52558
C:\Program Files\Mozilla Firefox\api-ms-win-crt-string-l1-1-0.dll,"""C:\Program Files\Mozilla Firefox\firefox.exe"" https://jobgallardo.com.mx/wp-admin/ut/link/
PID:2808",FileEvent,Read,2021-10-09 16:24:09.569,65536
"""C:\Program Files\Mozilla Firefox\firefox.exe"" https://jobgallardo.com.mx/wp-admin/ut/link/
PID:2808",162.144.239.160,IpChannelEvent,TcpIpConnect,2021-10-09 16:24:14.379,0
"""C:\Program Files\Mozilla Firefox\firefox.exe"" https://jobgallardo.com.mx/wp-admin/ut/link/
PID:2808",162.144.239.160,IpChannelEvent,TcpIpDisconnect,2021-10-09 16:24:21.368,0
162.144.239.160,"""C:\Program Files\Mozilla Firefox\firefox.exe"" https://jobgallardo.com.mx/wp-admin/ut/link/
PID:2808",IpChannelEvent,TcpIpRecv,2021-10-09 16:24:14.676,72917
"""C:\Program Files\Mozilla Firefox\firefox.exe"" https://jobgallardo.com.mx/wp-admin/ut/link/
PID:2808",162.144.239.160,IpChannelEvent,TcpIpSend,2021-10-09 16:24:14.608,2114
"""C:\Program Files\Mozilla Firefox\firefox.exe"" https://jobgallardo.com.mx/wp-admin/ut/link/
PID:2808",C:\Users\jpdz\AppData\Local\Mozilla\Firefox\Profiles\uzjxbbj5.default-release\cache2\entries\58076067EBEB56951E5BA3FCA84F5F2CE2203F7A,FileEvent,Write,2021-10-09 16:24:11.742,84921
C:\Users\jpdz\AppData\Local\Mozilla\Firefox\Profiles\uzjxbbj5.default-release\cache2\entries\58076067EBEB56951E5BA3FCA84F5F2CE2203F7A,"""C:\Program Files\Mozilla Firefox\firefox.exe"" https://jobgallardo.com.mx/wp-admin/ut/link/
PID:2808",FileEvent,Read,2021-10-09 16:24:11.724,24887
"""C:\Program Files\Mozilla Firefox\firefox.exe"" https://jobgallardo.com.mx/wp-admin/ut/link/
PID:2808",117.18.237.29,IpChannelEvent,TcpIpConnect,2021-10-09 16:24:11.781,0
117.18.237.29,"""C:\Program Files\Mozilla Firefox\firefox.exe"" https://jobgallardo.com.mx/wp-admin/ut/link/
PID:2808",IpChannelEvent,TcpIpRecv,2021-10-09 16:24:11.843,3995
"""C:\Program Files\Mozilla Firefox\firefox.exe"" https://jobgallardo.com.mx/wp-admin/ut/link/
PID:2808",117.18.237.29,IpChannelEvent,TcpIpSend,2021-10-09 16:24:11.843,2280
"""C:\Program Files\Mozilla Firefox\firefox.exe"" https://jobgallardo.com.mx/wp-admin/ut/link/
PID:2808",C:\Users\jpdz\AppData\Local\Temp\firefox\parent.lock,FileEvent,Delete,2021-10-09 16:24:09.805,0
"""C:\Program Files\Mozilla Firefox\firefox.exe"" https://jobgallardo.com.mx/wp-admin/ut/link/
PID:2808",C:\Users\jpdz\AppData\Local\Mozilla\Firefox\Profiles\uzjxbbj5.default-release\cache2\doomed\24659,FileEvent,Delete,2021-10-09 16:24:15.39,0
"""C:\Program Files\Mozilla Firefox\firefox.exe"" https://jobgallardo.com.mx/wp-admin/ut/link/
PID:2808",203.208.40.97,IpChannelEvent,TcpIpConnect,2021-10-09 16:24:14.123,0
"""C:\Program Files\Mozilla Firefox\firefox.exe"" https://jobgallardo.com.mx/wp-admin/ut/link/
PID:2808",203.208.40.97,IpChannelEvent,TcpIpDisconnect,2021-10-09 16:24:14.979,0
"""C:\Program Files\Mozilla Firefox\firefox.exe"" https://jobgallardo.com.mx/wp-admin/ut/link/
PID:2808",203.208.40.97,IpChannelEvent,TcpIpSend,2021-10-09 16:24:14.203,1527
203.208.40.97,"""C:\Program Files\Mozilla Firefox\firefox.exe"" https://jobgallardo.com.mx/wp-admin/ut/link/
PID:2808",IpChannelEvent,TcpIpRecv,2021-10-09 16:24:14.203,8448
"""C:\Program Files\Mozilla Firefox\firefox.exe"" https://jobgallardo.com.mx/wp-admin/ut/link/
PID:2808",C:\Users\jpdz\AppData\Roaming\Mozilla\Firefox\Profiles\uzjxbbj5.default-release\prefs-1.js,FileEvent,Write,2021-10-09 16:24:11.693,141440
"""C:\Program Files\Mozilla Firefox\firefox.exe"" https://jobgallardo.com.mx/wp-admin/ut/link/
PID:2808","""C:\Program Files\Mozilla Firefox\firefox.exe"" -contentproc --channel=""2808.5.405009364\925323777"" -parentBuildID 20210927210923 -prefsHandle 1488 -prefMapHandle 2220 -prefsLen 9770 -prefMapSize 252743 -appdir ""C:\Program Files\Mozilla Firefox\browser"" - 2808 ""\\.\pipe\gecko-crash-server-pipe.2808"" 1508 cfb3a78 rdd
PID:3072",ProcessEvent,Create,2021-10-09 16:24:12.522,
C:\Users\jpdz\AppData\Roaming\Mozilla\Firefox\Profiles\uzjxbbj5.default-release\storage\default\moz-extension+++7b7c287d-b9ee-4c40-99c0-63c5bd847cee^userContextId=4294967295\.metadata-v2,"""C:\Program Files\Mozilla Firefox\firefox.exe"" https://jobgallardo.com.mx/wp-admin/ut/link/
PID:2808",FileEvent,Read,2021-10-09 16:24:12.267,512
"""C:\Program Files\Mozilla Firefox\firefox.exe"" https://jobgallardo.com.mx/wp-admin/ut/link/
PID:2808",C:\Users\jpdz\AppData\Roaming\Mozilla\Firefox\Profiles\uzjxbbj5.default-release\storage\default\moz-extension+++0424fd79-b62a-421f-bf32-0d1549ab34f2^userContextId=4294967295\idb\3647222921wleabcEoxlt-eengsairo.sqlite-wal,FileEvent,Delete,2021-10-09 16:24:17.804,0
"""C:\Program Files\Mozilla Firefox\firefox.exe"" https://jobgallardo.com.mx/wp-admin/ut/link/
PID:2808",C:\Users\jpdz\AppData\Roaming\Mozilla\Firefox\Profiles\uzjxbbj5.default-release\storage\default\moz-extension+++0424fd79-b62a-421f-bf32-0d1549ab34f2^userContextId=4294967295\idb\3647222921wleabcEoxlt-eengsairo.sqlite-wal,FileEvent,Delete,2021-10-09 16:24:31.528,0
C:\Users\jpdz\AppData\Roaming\Mozilla\Firefox\Profiles\uzjxbbj5.default-release\storage\default\moz-extension+++0424fd79-b62a-421f-bf32-0d1549ab34f2^userContextId=4294967295\idb\3647222921wleabcEoxlt-eengsairo.sqlite-wal,"""C:\Program Files\Mozilla Firefox\firefox.exe"" https://jobgallardo.com.mx/wp-admin/ut/link/
PID:2808",FileEvent,Read,2021-10-09 16:24:21.343,4096
"""C:\Program Files\Mozilla Firefox\firefox.exe"" https://jobgallardo.com.mx/wp-admin/ut/link/
PID:2808",C:\Users\jpdz\AppData\Roaming\Mozilla\Firefox\Profiles\uzjxbbj5.default-release\storage\default\moz-extension+++0424fd79-b62a-421f-bf32-0d1549ab34f2^userContextId=4294967295\idb\3647222921wleabcEoxlt-eengsairo.sqlite-wal,FileEvent,Write,2021-10-09 16:24:17.860,20560
C:\Users\jpdz\AppData\Roaming\Mozilla\Firefox\Profiles\uzjxbbj5.default-release\shield-preference-experiments.json,"""C:\Program Files\Mozilla Firefox\firefox.exe"" https://jobgallardo.com.mx/wp-admin/ut/link/
PID:2808",FileEvent,Read,2021-10-09 16:24:09.991,18
C:\Program Files\Mozilla Firefox\gmp-clearkey\0.1\manifest.json,"""C:\Program Files\Mozilla Firefox\firefox.exe"" https://jobgallardo.com.mx/wp-admin/ut/link/
PID:2808",FileEvent,Read,2021-10-09 16:24:10.13,229
C:\Users\jpdz\AppData\Local\Mozilla\Firefox\Profiles\uzjxbbj5.default-release\safebrowsing\allow-flashallow-digest256.sbstore,"""C:\Program Files\Mozilla Firefox\firefox.exe"" https://jobgallardo.com.mx/wp-admin/ut/link/
PID:2808",FileEvent,Read,2021-10-09 16:24:11.812,236
"""C:\Program Files\Mozilla Firefox\firefox.exe"" https://jobgallardo.com.mx/wp-admin/ut/link/
PID:2808",203.208.41.34,IpChannelEvent,TcpIpConnect,2021-10-09 16:24:16.510,0
203.208.41.34,"""C:\Program Files\Mozilla Firefox\firefox.exe"" https://jobgallardo.com.mx/wp-admin/ut/link/
PID:2808",IpChannelEvent,TcpIpRecv,2021-10-09 16:24:16.580,702
"""C:\Program Files\Mozilla Firefox\firefox.exe"" https://jobgallardo.com.mx/wp-admin/ut/link/
PID:2808",203.208.41.34,IpChannelEvent,TcpIpSend,2021-10-09 16:24:16.580,459
C:\Users\jpdz\AppData\Roaming\Mozilla\Firefox\Profiles\uzjxbbj5.default-release\times.json,"""C:\Program Files\Mozilla Firefox\firefox.exe"" https://jobgallardo.com.mx/wp-admin/ut/link/
PID:2808",FileEvent,Read,2021-10-09 16:24:09.825,50
"""C:\Program Files\Mozilla Firefox\firefox.exe"" https://jobgallardo.com.mx/wp-admin/ut/link/
PID:2808",121.194.10.78,IpChannelEvent,TcpIpConnect,2021-10-09 16:24:11.827,0
"""C:\Program Files\Mozilla Firefox\firefox.exe"" https://jobgallardo.com.mx/wp-admin/ut/link/
PID:2808",121.194.10.78,IpChannelEvent,TcpIpSend,2021-10-09 16:24:11.835,365
121.194.10.78,"""C:\Program Files\Mozilla Firefox\firefox.exe"" https://jobgallardo.com.mx/wp-admin/ut/link/
PID:2808",IpChannelEvent,TcpIpRecv,2021-10-09 16:24:11.835,647
C:\Users\jpdz\AppData\Roaming\Mozilla\Firefox\Profiles\uzjxbbj5.default-release\storage\permanent\chrome\idb\3561288849sdhlie.sqlite,"""C:\Program Files\Mozilla Firefox\firefox.exe"" https://jobgallardo.com.mx/wp-admin/ut/link/
PID:2808",FileEvent,Read,2021-10-09 16:24:11.743,37064
"""C:\Program Files\Mozilla Firefox\firefox.exe"" https://jobgallardo.com.mx/wp-admin/ut/link/
PID:2808",117.18.237.29,IpChannelEvent,TcpIpConnect,2021-10-09 16:24:12.551,0
117.18.237.29,"""C:\Program Files\Mozilla Firefox\firefox.exe"" https://jobgallardo.com.mx/wp-admin/ut/link/
PID:2808",IpChannelEvent,TcpIpRecv,2021-10-09 16:24:12.592,798
"""C:\Program Files\Mozilla Firefox\firefox.exe"" https://jobgallardo.com.mx/wp-admin/ut/link/
PID:2808",117.18.237.29,IpChannelEvent,TcpIpSend,2021-10-09 16:24:12.592,456
"""C:\Program Files\Mozilla Firefox\firefox.exe"" https://jobgallardo.com.mx/wp-admin/ut/link/
PID:2808",C:\Users\jpdz\AppData\Roaming\Mozilla\Firefox\Profiles\uzjxbbj5.default-release\storage\permanent\chrome\idb\2918063365piupsah.sqlite-shm,FileEvent,Delete,2021-10-09 16:24:11.876,0
"""C:\Program Files\Mozilla Firefox\firefox.exe"" https://jobgallardo.com.mx/wp-admin/ut/link/
PID:2808",C:\Users\jpdz\AppData\Roaming\Mozilla\Firefox\Profiles\uzjxbbj5.default-release\storage\permanent\chrome\idb\2918063365piupsah.sqlite-shm,FileEvent,Delete,2021-10-09 16:24:25.253,0
C:\Users\jpdz\AppData\Roaming\Mozilla\Firefox\Profiles\uzjxbbj5.default-release\storage\permanent\chrome\idb\2918063365piupsah.sqlite-shm,"""C:\Program Files\Mozilla Firefox\firefox.exe"" https://jobgallardo.com.mx/wp-admin/ut/link/
PID:2808",FileEvent,Read,2021-10-09 16:24:11.876,65536
"""C:\Program Files\Mozilla Firefox\firefox.exe"" https://jobgallardo.com.mx/wp-admin/ut/link/
PID:2808",162.144.239.160,IpChannelEvent,TcpIpConnect,2021-10-09 16:24:14.593,0
"""C:\Program Files\Mozilla Firefox\firefox.exe"" https://jobgallardo.com.mx/wp-admin/ut/link/
PID:2808",162.144.239.160,IpChannelEvent,TcpIpDisconnect,2021-10-09 16:24:22.401,0
"""C:\Program Files\Mozilla Firefox\firefox.exe"" https://jobgallardo.com.mx/wp-admin/ut/link/
PID:2808",162.144.239.160,IpChannelEvent,TcpIpSend,2021-10-09 16:24:14.608,1729
162.144.239.160,"""C:\Program Files\Mozilla Firefox\firefox.exe"" https://jobgallardo.com.mx/wp-admin/ut/link/
PID:2808",IpChannelEvent,TcpIpRecv,2021-10-09 16:24:14.872,156369
C:\Program Files\Mozilla Firefox\defaults\pref\channel-prefs.js,"""C:\Program Files\Mozilla Firefox\firefox.exe"" https://jobgallardo.com.mx/wp-admin/ut/link/
PID:2808",FileEvent,Read,2021-10-09 16:24:09.634,429
C:\Users\jpdz\AppData\Roaming\Mozilla\Firefox\Profiles\uzjxbbj5.default-release\compatibility.ini,"""C:\Program Files\Mozilla Firefox\firefox.exe"" https://jobgallardo.com.mx/wp-admin/ut/link/
PID:2808",FileEvent,Read,2021-10-09 16:24:09.630,194
C:\Users\jpdz\AppData\Local\Mozilla\Firefox\Profiles\uzjxbbj5.default-release\cache2\index.tmp,"""C:\Program Files\Mozilla Firefox\firefox.exe"" https://jobgallardo.com.mx/wp-admin/ut/link/
PID:2808",FileEvent,Read,2021-10-09 16:24:09.761,1439
C:\Users\jpdz\AppData\Roaming\Mozilla\Firefox\Profiles\uzjxbbj5.default-release\storage\permanent\chrome\idb\3870112724rsegmnoittet-es.sqlite,"""C:\Program Files\Mozilla Firefox\firefox.exe"" https://jobgallardo.com.mx/wp-admin/ut/link/
PID:2808",FileEvent,Read,2021-10-09 16:24:09.830,286920
"""C:\Program Files\Mozilla Firefox\firefox.exe"" https://jobgallardo.com.mx/wp-admin/ut/link/
PID:2808",C:\Users\jpdz\AppData\Roaming\Mozilla\Firefox\Profiles\uzjxbbj5.default-release\storage\permanent\chrome\idb\3870112724rsegmnoittet-es.sqlite,FileEvent,Write,2021-10-09 16:24:19.798,208896
C:\Users\jpdz\AppData\Roaming\Mozilla\Firefox\Profiles\uzjxbbj5.default-release\storage\permanent\chrome\idb\3870112724rsegmnoittet-es.sqlite,"""C:\Program Files\Mozilla Firefox\firefox.exe"" https://jobgallardo.com.mx/wp-admin/ut/link/
PID:2808",FileEvent,Read,2021-10-09 16:24:11.672,1069056
C:\Users\jpdz\AppData\Local\Mozilla\Firefox\Profiles\uzjxbbj5.default-release\safebrowsing\except-flashallow-digest256.vlpset,"""C:\Program Files\Mozilla Firefox\firefox.exe"" https://jobgallardo.com.mx/wp-admin/ut/link/
PID:2808",FileEvent,Read,2021-10-09 16:24:10.154,69
C:\Users\jpdz\AppData\Roaming\Mozilla\Firefox\Profiles\uzjxbbj5.default-release\storage\default\moz-extension+++0424fd79-b62a-421f-bf32-0d1549ab34f2^userContextId=4294967295\.metadata-v2,"""C:\Program Files\Mozilla Firefox\firefox.exe"" https://jobgallardo.com.mx/wp-admin/ut/link/
PID:2808",FileEvent,Read,2021-10-09 16:24:12.267,512
"""C:\Program Files\Mozilla Firefox\firefox.exe"" https://jobgallardo.com.mx/wp-admin/ut/link/
PID:2808",C:\Users\jpdz\AppData\Roaming\Mozilla\Firefox\Profiles\uzjxbbj5.default-release\storage\default\moz-extension+++0424fd79-b62a-421f-bf32-0d1549ab34f2^userContextId=4294967295\.metadata-v2,FileEvent,Write,2021-10-09 16:24:17.802,8
C:\Users\jpdz\AppData\Local\Mozilla\Firefox\Profiles\uzjxbbj5.default-release\safebrowsing\social-tracking-protection-twitter-digest256.vlpset,"""C:\Program Files\Mozilla Firefox\firefox.exe"" https://jobgallardo.com.mx/wp-admin/ut/link/
PID:2808",FileEvent,Read,2021-10-09 16:24:10.161,229
C:\Users\jpdz\AppData\Local\Mozilla\Firefox\Profiles\uzjxbbj5.default-release\activity-stream.discovery_stream.json,"""C:\Program Files\Mozilla Firefox\firefox.exe"" https://jobgallardo.com.mx/wp-admin/ut/link/
PID:2808",FileEvent,Read,2021-10-09 16:24:11.713,61086
"""C:\Program Files\Mozilla Firefox\firefox.exe"" https://jobgallardo.com.mx/wp-admin/ut/link/
PID:2808",125.220.192.143,IpChannelEvent,TcpIpConnect,2021-10-09 16:24:17.302,0
"""C:\Program Files\Mozilla Firefox\firefox.exe"" https://jobgallardo.com.mx/wp-admin/ut/link/
PID:2808",125.220.192.143,IpChannelEvent,TcpIpDisconnect,2021-10-09 16:24:17.809,0
"""C:\Program Files\Mozilla Firefox\firefox.exe"" https://jobgallardo.com.mx/wp-admin/ut/link/
PID:2808",125.220.192.143,IpChannelEvent,TcpIpSend,2021-10-09 16:24:17.330,811
125.220.192.143,"""C:\Program Files\Mozilla Firefox\firefox.exe"" https://jobgallardo.com.mx/wp-admin/ut/link/
PID:2808",IpChannelEvent,TcpIpRecv,2021-10-09 16:24:17.330,4426
"""C:\Program Files\Mozilla Firefox\firefox.exe"" https://jobgallardo.com.mx/wp-admin/ut/link/
PID:2808",23.74.15.131,IpChannelEvent,TcpIpConnect,2021-10-09 16:24:12.205,0
23.74.15.131,"""C:\Program Files\Mozilla Firefox\firefox.exe"" https://jobgallardo.com.mx/wp-admin/ut/link/
PID:2808",IpChannelEvent,TcpIpRecv,2021-10-09 16:24:12.242,888
"""C:\Program Files\Mozilla Firefox\firefox.exe"" https://jobgallardo.com.mx/wp-admin/ut/link/
PID:2808",23.74.15.131,IpChannelEvent,TcpIpSend,2021-10-09 16:24:12.242,455
C:\ProgramData\Mozilla\updates\308046B0AF4A39CB\update-config.json,"""C:\Program Files\Mozilla Firefox\firefox.exe"" https://jobgallardo.com.mx/wp-admin/ut/link/
PID:2808",FileEvent,Read,2021-10-09 16:24:09.845,206
"""C:\Program Files\Mozilla Firefox\firefox.exe"" https://jobgallardo.com.mx/wp-admin/ut/link/
PID:2808",C:\ProgramData\Mozilla\updates\308046B0AF4A39CB\update-config.json,FileEvent,Write,2021-10-09 16:24:12.41,103
C:\ProgramData\Mozilla\updates\308046B0AF4A39CB\update-config.json,"""C:\Program Files\Mozilla Firefox\firefox.exe"" https://jobgallardo.com.mx/wp-admin/ut/link/
PID:2808",FileEvent,Read,2021-10-09 16:24:11.950,309
"""C:\Program Files\Mozilla Firefox\firefox.exe"" https://jobgallardo.com.mx/wp-admin/ut/link/
PID:2808",34.107.221.82,IpChannelEvent,TcpIpConnect,2021-10-09 16:24:11.703,0
"""C:\Program Files\Mozilla Firefox\firefox.exe"" https://jobgallardo.com.mx/wp-admin/ut/link/
PID:2808",34.107.221.82,IpChannelEvent,TcpIpSend,2021-10-09 16:24:11.743,333
34.107.221.82,"""C:\Program Files\Mozilla Firefox\firefox.exe"" https://jobgallardo.com.mx/wp-admin/ut/link/
PID:2808",IpChannelEvent,TcpIpRecv,2021-10-09 16:24:11.743,302
"""C:\Program Files\Mozilla Firefox\firefox.exe"" https://jobgallardo.com.mx/wp-admin/ut/link/
PID:2808",162.144.239.160,IpChannelEvent,TcpIpConnect,2021-10-09 16:24:14.343,0
"""C:\Program Files\Mozilla Firefox\firefox.exe"" https://jobgallardo.com.mx/wp-admin/ut/link/
PID:2808",162.144.239.160,IpChannelEvent,TcpIpDisconnect,2021-10-09 16:24:21.607,0
"""C:\Program Files\Mozilla Firefox\firefox.exe"" https://jobgallardo.com.mx/wp-admin/ut/link/
PID:2808",162.144.239.160,IpChannelEvent,TcpIpSend,2021-10-09 16:24:14.358,3690
162.144.239.160,"""C:\Program Files\Mozilla Firefox\firefox.exe"" https://jobgallardo.com.mx/wp-admin/ut/link/
PID:2808",IpChannelEvent,TcpIpRecv,2021-10-09 16:24:14.633,95512
"""C:\Program Files\Mozilla Firefox\firefox.exe"" https://jobgallardo.com.mx/wp-admin/ut/link/
PID:2808",C:\Users\jpdz\AppData\Local\Mozilla\Firefox\Profiles\uzjxbbj5.default-release\cache2\doomed\16859,FileEvent,Delete,2021-10-09 16:24:15.38,0
C:\Program Files\Mozilla Firefox\firefox.exe,"""C:\Program Files\Mozilla Firefox\firefox.exe"" https://jobgallardo.com.mx/wp-admin/ut/link/
PID:2808",FileEvent,Read,2021-10-09 16:24:09.682,2056
C:\Program Files\Mozilla Firefox\firefox.exe,"""C:\Program Files\Mozilla Firefox\firefox.exe"" https://jobgallardo.com.mx/wp-admin/ut/link/
PID:2808",FileEvent,Read,2021-10-09 16:24:11.772,3096
"""C:\Program Files\Mozilla Firefox\firefox.exe"" https://jobgallardo.com.mx/wp-admin/ut/link/
PID:2808",C:\Users\jpdz\AppData\Local\Mozilla\Firefox\Profiles\uzjxbbj5.default-release\startupCache\urlCache-new.bin,FileEvent,Write,2021-10-09 16:24:22.137,5264
"""C:\Program Files\Mozilla Firefox\firefox.exe"" https://jobgallardo.com.mx/wp-admin/ut/link/
PID:2808",162.144.239.160,IpChannelEvent,TcpIpConnect,2021-10-09 16:24:14.341,0
"""C:\Program Files\Mozilla Firefox\firefox.exe"" https://jobgallardo.com.mx/wp-admin/ut/link/
PID:2808",162.144.239.160,IpChannelEvent,TcpIpDisconnect,2021-10-09 16:24:23.247,0
162.144.239.160,"""C:\Program Files\Mozilla Firefox\firefox.exe"" https://jobgallardo.com.mx/wp-admin/ut/link/
PID:2808",IpChannelEvent,TcpIpRecv,2021-10-09 16:24:14.628,304793
"""C:\Program Files\Mozilla Firefox\firefox.exe"" https://jobgallardo.com.mx/wp-admin/ut/link/
PID:2808",162.144.239.160,IpChannelEvent,TcpIpSend,2021-10-09 16:24:14.358,4650
"""C:\Program Files\Mozilla Firefox\firefox.exe"" https://jobgallardo.com.mx/wp-admin/ut/link/
PID:2808",C:\Users\jpdz\AppData\Local\Mozilla\Firefox\Profiles\uzjxbbj5.default-release\cache2\entries\3D42EF5BD2EAAF800CC60C4BDA131732DE5DEDCF,FileEvent,Write,2021-10-09 16:24:14.64,29725
"""C:\Program Files\Mozilla Firefox\firefox.exe"" https://jobgallardo.com.mx/wp-admin/ut/link/
PID:2808",125.220.192.143,IpChannelEvent,TcpIpConnect,2021-10-09 16:24:11.685,0
"""C:\Program Files\Mozilla Firefox\firefox.exe"" https://jobgallardo.com.mx/wp-admin/ut/link/
PID:2808",125.220.192.143,IpChannelEvent,TcpIpDisconnect,2021-10-09 16:24:12.96,0
"""C:\Program Files\Mozilla Firefox\firefox.exe"" https://jobgallardo.com.mx/wp-admin/ut/link/
PID:2808",125.220.192.143,IpChannelEvent,TcpIpSend,2021-10-09 16:24:11.717,811
125.220.192.143,"""C:\Program Files\Mozilla Firefox\firefox.exe"" https://jobgallardo.com.mx/wp-admin/ut/link/
PID:2808",IpChannelEvent,TcpIpRecv,2021-10-09 16:24:11.717,3666
"""C:\Program Files\Mozilla Firefox\firefox.exe"" https://jobgallardo.com.mx/wp-admin/ut/link/
PID:2808",C:\Users\jpdz\AppData\Local\Mozilla\Firefox\Profiles\uzjxbbj5.default-release\cache2\doomed\29910,FileEvent,Delete,2021-10-09 16:24:15.38,0
C:\Windows\system32\spool\drivers\color\sRGB Color Space Profile.icm,"""C:\Program Files\Mozilla Firefox\firefox.exe"" https://jobgallardo.com.mx/wp-admin/ut/link/
PID:2808",FileEvent,Read,2021-10-09 16:24:09.686,4096
C:\Users\jpdz\AppData\Local\Mozilla\Firefox\Profiles\uzjxbbj5.default-release\safebrowsing\mozplugin-block-digest256.vlpset,"""C:\Program Files\Mozilla Firefox\firefox.exe"" https://jobgallardo.com.mx/wp-admin/ut/link/
PID:2808",FileEvent,Read,2021-10-09 16:24:10.160,3045
"""C:\Program Files\Mozilla Firefox\firefox.exe"" https://jobgallardo.com.mx/wp-admin/ut/link/
PID:2808",203.208.41.34,IpChannelEvent,TcpIpConnect,2021-10-09 16:24:16.521,0
203.208.41.34,"""C:\Program Files\Mozilla Firefox\firefox.exe"" https://jobgallardo.com.mx/wp-admin/ut/link/
PID:2808",IpChannelEvent,TcpIpRecv,2021-10-09 16:24:16.592,702
"""C:\Program Files\Mozilla Firefox\firefox.exe"" https://jobgallardo.com.mx/wp-admin/ut/link/
PID:2808",203.208.41.34,IpChannelEvent,TcpIpSend,2021-10-09 16:24:16.592,459
C:\Users\jpdz\AppData\Roaming\Mozilla\Firefox\Profiles\uzjxbbj5.default-release\storage\permanent\chrome\idb\1657114595AmcateirvtiSty.sqlite,"""C:\Program Files\Mozilla Firefox\firefox.exe"" https://jobgallardo.com.mx/wp-admin/ut/link/
PID:2808",FileEvent,Read,2021-10-09 16:24:11.672,57644
C:\Windows\Prefetch\FIREFOX.EXE-A606B53C.pf,"""C:\Program Files\Mozilla Firefox\firefox.exe"" https://jobgallardo.com.mx/wp-admin/ut/link/
PID:2808",FileEvent,Read,2021-10-09 16:24:09.560,61006
C:\Users\jpdz\AppData\Roaming\Mozilla\Firefox\Profiles\uzjxbbj5.default-release\sessionCheckpoints.json,"""C:\Program Files\Mozilla Firefox\firefox.exe"" https://jobgallardo.com.mx/wp-admin/ut/link/
PID:2808",FileEvent,Read,2021-10-09 16:24:09.769,241
C:\Users\jpdz\AppData\Local\Mozilla\Firefox\Profiles\uzjxbbj5.default-release\safebrowsing\base-fingerprinting-track-digest256.sbstore,"""C:\Program Files\Mozilla Firefox\firefox.exe"" https://jobgallardo.com.mx/wp-admin/ut/link/
PID:2808",FileEvent,Read,2021-10-09 16:24:11.812,359
C:\Users\jpdz\AppData\Local\Mozilla\Firefox\Profiles\uzjxbbj5.default-release\safebrowsing\google4\goog-phish-proto.metadata,"""C:\Program Files\Mozilla Firefox\firefox.exe"" https://jobgallardo.com.mx/wp-admin/ut/link/
PID:2808",FileEvent,Read,2021-10-09 16:24:11.814,71
C:\Users\jpdz\AppData\Roaming\Mozilla\Firefox\Profiles\UZJXBB~1.DEF\key4.db,"""C:\Program Files\Mozilla Firefox\firefox.exe"" https://jobgallardo.com.mx/wp-admin/ut/link/
PID:2808",FileEvent,Read,2021-10-09 16:24:09.944,131252
C:\Users\jpdz\AppData\Roaming\Mozilla\Firefox\Profiles\UZJXBB~1.DEF\key4.db,"""C:\Program Files\Mozilla Firefox\firefox.exe"" https://jobgallardo.com.mx/wp-admin/ut/link/
PID:2808",FileEvent,Read,2021-10-09 16:24:11.726,112
C:\Users\jpdz\AppData\Roaming\Mozilla\Firefox\Profiles\uzjxbbj5.default-release\extensions.json,"""C:\Program Files\Mozilla Firefox\firefox.exe"" https://jobgallardo.com.mx/wp-admin/ut/link/
PID:2808",FileEvent,Read,2021-10-09 16:24:10.104,57748
"""C:\Program Files\Mozilla Firefox\firefox.exe"" https://jobgallardo.com.mx/wp-admin/ut/link/
PID:2808",C:\Users\jpdz\AppData\Roaming\Mozilla\Firefox\Profiles\uzjxbbj5.default-release\storage\permanent\chrome\idb\2823318777ntouromlalnodry--naod.sqlite-wal,FileEvent,Delete,2021-10-09 16:24:11.868,0
"""C:\Program Files\Mozilla Firefox\firefox.exe"" https://jobgallardo.com.mx/wp-admin/ut/link/
PID:2808",C:\Users\jpdz\AppData\Roaming\Mozilla\Firefox\Profiles\uzjxbbj5.default-release\storage\permanent\chrome\idb\2823318777ntouromlalnodry--naod.sqlite-wal,FileEvent,Delete,2021-10-09 16:24:23.895,0
"""C:\Program Files\Mozilla Firefox\firefox.exe"" https://jobgallardo.com.mx/wp-admin/ut/link/
PID:2808",34.117.237.239,IpChannelEvent,TcpIpConnect,2021-10-09 16:24:11.894,0
34.117.237.239,"""C:\Program Files\Mozilla Firefox\firefox.exe"" https://jobgallardo.com.mx/wp-admin/ut/link/
PID:2808",IpChannelEvent,TcpIpRecv,2021-10-09 16:24:11.957,5382
"""C:\Program Files\Mozilla Firefox\firefox.exe"" https://jobgallardo.com.mx/wp-admin/ut/link/
PID:2808",34.117.237.239,IpChannelEvent,TcpIpSend,2021-10-09 16:24:11.957,1088
"""C:\Program Files\Mozilla Firefox\firefox.exe"" https://jobgallardo.com.mx/wp-admin/ut/link/
PID:2808",C:\Users\jpdz\AppData\Roaming\Mozilla\Firefox\Profiles\uzjxbbj5.default-release\storage\default\moz-extension+++0424fd79-b62a-421f-bf32-0d1549ab34f2^userContextId=4294967295\idb\3647222921wleabcEoxlt-eengsairo.sqlite-shm,FileEvent,Delete,2021-10-09 16:24:17.804,0
"""C:\Program Files\Mozilla Firefox\firefox.exe"" https://jobgallardo.com.mx/wp-admin/ut/link/
PID:2808",C:\Users\jpdz\AppData\Roaming\Mozilla\Firefox\Profiles\uzjxbbj5.default-release\storage\default\moz-extension+++0424fd79-b62a-421f-bf32-0d1549ab34f2^userContextId=4294967295\idb\3647222921wleabcEoxlt-eengsairo.sqlite-shm,FileEvent,Delete,2021-10-09 16:24:31.528,0
C:\Users\jpdz\AppData\Roaming\Mozilla\Firefox\Profiles\uzjxbbj5.default-release\storage\default\moz-extension+++0424fd79-b62a-421f-bf32-0d1549ab34f2^userContextId=4294967295\idb\3647222921wleabcEoxlt-eengsairo.sqlite-shm,"""C:\Program Files\Mozilla Firefox\firefox.exe"" https://jobgallardo.com.mx/wp-admin/ut/link/
PID:2808",FileEvent,Read,2021-10-09 16:24:17.803,65536
"""C:\Program Files\Mozilla Firefox\firefox.exe"" https://jobgallardo.com.mx/wp-admin/ut/link/
PID:2808",C:\Users\jpdz\AppData\Local\Mozilla\Firefox\Profiles\uzjxbbj5.default-release\startupCache\scriptCache-child-new.bin,FileEvent,Write,2021-10-09 16:24:22.156,819666
C:\Users\jpdz\AppData\Roaming\Mozilla\Firefox\Profiles\uzjxbbj5.default-release\cookies.sqlite,"""C:\Program Files\Mozilla Firefox\firefox.exe"" https://jobgallardo.com.mx/wp-admin/ut/link/
PID:2808",FileEvent,Read,2021-10-09 16:24:09.764,753864
C:\Users\jpdz\AppData\Local\Mozilla\Firefox\Profiles\uzjxbbj5.default-release\safebrowsing\social-track-digest256.vlpset,"""C:\Program Files\Mozilla Firefox\firefox.exe"" https://jobgallardo.com.mx/wp-admin/ut/link/
PID:2808",FileEvent,Read,2021-10-09 16:24:10.161,2117
C:\Users\jpdz\AppData\Roaming\Mozilla\Firefox\Profiles\uzjxbbj5.default-release\xulstore.json,"""C:\Program Files\Mozilla Firefox\firefox.exe"" https://jobgallardo.com.mx/wp-admin/ut/link/
PID:2808",FileEvent,Read,2021-10-09 16:24:09.665,453
C:\Program Files\Mozilla Firefox\dependentlibs.list,"""C:\Program Files\Mozilla Firefox\firefox.exe"" https://jobgallardo.com.mx/wp-admin/ut/link/
PID:2808",FileEvent,Read,2021-10-09 16:24:09.569,8192
C:\Program Files\Mozilla Firefox\api-ms-win-crt-convert-l1-1-0.dll,"""C:\Program Files\Mozilla Firefox\firefox.exe"" https://jobgallardo.com.mx/wp-admin/ut/link/
PID:2808",FileEvent,Read,2021-10-09 16:24:09.569,65536
"""C:\Program Files\Mozilla Firefox\firefox.exe"" https://jobgallardo.com.mx/wp-admin/ut/link/
PID:2808",C:\Users\jpdz\AppData\Roaming\Mozilla\Firefox\Profiles\uzjxbbj5.default-release\storage\permanent\chrome\idb\1657114595AmcateirvtiSty.sqlite-wal,FileEvent,Delete,2021-10-09 16:24:11.674,0
"""C:\Program Files\Mozilla Firefox\firefox.exe"" https://jobgallardo.com.mx/wp-admin/ut/link/
PID:2808",C:\Users\jpdz\AppData\Roaming\Mozilla\Firefox\Profiles\uzjxbbj5.default-release\storage\permanent\chrome\idb\1657114595AmcateirvtiSty.sqlite-wal,FileEvent,Delete,2021-10-09 16:24:24.481,0
C:\Users\jpdz\AppData\Roaming\Mozilla\Firefox\Profiles\uzjxbbj5.default-release\favicons.sqlite-shm,"""C:\Program Files\Mozilla Firefox\firefox.exe"" https://jobgallardo.com.mx/wp-admin/ut/link/
PID:2808",FileEvent,Read,2021-10-09 16:24:10.142,32768
C:\Users\jpdz\AppData\Local\Mozilla\Firefox\Profiles\uzjxbbj5.default-release\safebrowsing\google4\goog-unwanted-proto.metadata,"""C:\Program Files\Mozilla Firefox\firefox.exe"" https://jobgallardo.com.mx/wp-admin/ut/link/
PID:2808",FileEvent,Read,2021-10-09 16:24:11.814,71
C:\Users\jpdz\AppData\Local\Mozilla\Firefox\Profiles\uzjxbbj5.default-release\safebrowsing\except-flashsubdoc-digest256.sbstore,"""C:\Program Files\Mozilla Firefox\firefox.exe"" https://jobgallardo.com.mx/wp-admin/ut/link/
PID:2808",FileEvent,Read,2021-10-09 16:24:11.812,244
"""C:\Program Files\Mozilla Firefox\firefox.exe"" https://jobgallardo.com.mx/wp-admin/ut/link/
PID:2808",C:\Users\jpdz\AppData\Roaming\Mozilla\Firefox\Profiles\uzjxbbj5.default-release\storage\permanent\chrome\idb\3561288849sdhlie.sqlite-wal,FileEvent,Delete,2021-10-09 16:24:11.744,0
"""C:\Program Files\Mozilla Firefox\firefox.exe"" https://jobgallardo.com.mx/wp-admin/ut/link/
PID:2808",C:\Users\jpdz\AppData\Roaming\Mozilla\Firefox\Profiles\uzjxbbj5.default-release\storage\permanent\chrome\idb\3561288849sdhlie.sqlite-wal,FileEvent,Delete,2021-10-09 16:24:23.895,0
C:\Users\jpdz\AppData\Local\Mozilla\Firefox\Profiles\uzjxbbj5.default-release\safebrowsing\google4\goog-phish-proto.vlpset,"""C:\Program Files\Mozilla Firefox\firefox.exe"" https://jobgallardo.com.mx/wp-admin/ut/link/
PID:2808",FileEvent,Read,2021-10-09 16:24:10.159,393216
"""C:\Program Files\Mozilla Firefox\firefox.exe"" https://jobgallardo.com.mx/wp-admin/ut/link/
PID:2808",C:\Users\jpdz\AppData\Local\Mozilla\Firefox\Profiles\uzjxbbj5.default-release\cache2\entries\E8246BB40873DF388F959075604DEEE43344C56F,FileEvent,Write,2021-10-09 16:24:12.504,50388
C:\Users\jpdz\AppData\Local\Mozilla\Firefox\Profiles\uzjxbbj5.default-release\cache2\entries\E8246BB40873DF388F959075604DEEE43344C56F,"""C:\Program Files\Mozilla Firefox\firefox.exe"" https://jobgallardo.com.mx/wp-admin/ut/link/
PID:2808",FileEvent,Read,2021-10-09 16:24:12.502,15031
C:\Users\jpdz\AppData\Local\Mozilla\Firefox\Profiles\uzjxbbj5.default-release\safebrowsing\content-track-digest256.sbstore,"""C:\Program Files\Mozilla Firefox\firefox.exe"" https://jobgallardo.com.mx/wp-admin/ut/link/
PID:2808",FileEvent,Read,2021-10-09 16:24:11.812,734
"""C:\Program Files\Mozilla Firefox\firefox.exe"" https://jobgallardo.com.mx/wp-admin/ut/link/
PID:2808",C:\Users\jpdz\AppData\Roaming\Mozilla\Firefox\Profiles\uzjxbbj5.default-release\storage\permanent\chrome\idb\3870112724rsegmnoittet-es.sqlite-shm,FileEvent,Delete,2021-10-09 16:24:09.831,0
C:\Users\jpdz\AppData\Roaming\Mozilla\Firefox\Profiles\uzjxbbj5.default-release\storage\permanent\chrome\idb\3870112724rsegmnoittet-es.sqlite-shm,"""C:\Program Files\Mozilla Firefox\firefox.exe"" https://jobgallardo.com.mx/wp-admin/ut/link/
PID:2808",FileEvent,Read,2021-10-09 16:24:09.830,65536
"""C:\Program Files\Mozilla Firefox\firefox.exe"" https://jobgallardo.com.mx/wp-admin/ut/link/
PID:2808",C:\Users\jpdz\AppData\Roaming\Mozilla\Firefox\Profiles\uzjxbbj5.default-release\storage\permanent\chrome\idb\3870112724rsegmnoittet-es.sqlite-shm,FileEvent,Delete,2021-10-09 16:24:31.529,0
C:\Program Files\Mozilla Firefox\distribution\distribution.ini,"""C:\Program Files\Mozilla Firefox\firefox.exe"" https://jobgallardo.com.mx/wp-admin/ut/link/
PID:2808",FileEvent,Read,2021-10-09 16:24:09.665,2952
"""C:\Program Files\Mozilla Firefox\firefox.exe"" https://jobgallardo.com.mx/wp-admin/ut/link/
PID:2808",C:\Users\jpdz\AppData\Roaming\Mozilla\Firefox\Profiles\uzjxbbj5.default-release\storage\default\moz-extension+++0c3666b5-67b1-4855-b50d-d5fbfc0d2874^userContextId=4294967295\idb\3647222921wleabcEoxlt-eengsairo.sqlite-shm,FileEvent,Delete,2021-10-09 16:24:12.853,0
"""C:\Program Files\Mozilla Firefox\firefox.exe"" https://jobgallardo.com.mx/wp-admin/ut/link/
PID:2808",C:\Users\jpdz\AppData\Roaming\Mozilla\Firefox\Profiles\uzjxbbj5.default-release\storage\default\moz-extension+++0c3666b5-67b1-4855-b50d-d5fbfc0d2874^userContextId=4294967295\idb\3647222921wleabcEoxlt-eengsairo.sqlite-shm,FileEvent,Delete,2021-10-09 16:24:28.964,0
C:\Users\jpdz\AppData\Roaming\Mozilla\Firefox\Profiles\uzjxbbj5.default-release\storage\default\moz-extension+++0c3666b5-67b1-4855-b50d-d5fbfc0d2874^userContextId=4294967295\idb\3647222921wleabcEoxlt-eengsairo.sqlite-shm,"""C:\Program Files\Mozilla Firefox\firefox.exe"" https://jobgallardo.com.mx/wp-admin/ut/link/
PID:2808",FileEvent,Read,2021-10-09 16:24:12.853,65536
C:\Users\jpdz\AppData\Local\Mozilla\Firefox\Profiles\uzjxbbj5.default-release\startupCache\webext.sc.lz4,"""C:\Program Files\Mozilla Firefox\firefox.exe"" https://jobgallardo.com.mx/wp-admin/ut/link/
PID:2808",FileEvent,Read,2021-10-09 16:24:09.754,131881
C:\Program Files\Mozilla Firefox\nss3.dll,"""C:\Program Files\Mozilla Firefox\firefox.exe"" https://jobgallardo.com.mx/wp-admin/ut/link/
PID:2808",FileEvent,Read,2021-10-09 16:24:09.570,2031616
C:\Users\jpdz\AppData\Local\Mozilla\Firefox\Profiles\uzjxbbj5.default-release\safebrowsing\content-track-digest256.vlpset,"""C:\Program Files\Mozilla Firefox\firefox.exe"" https://jobgallardo.com.mx/wp-admin/ut/link/
PID:2808",FileEvent,Read,2021-10-09 16:24:10.154,15525
C:\Program Files\Mozilla Firefox\xul.dll,"""C:\Program Files\Mozilla Firefox\firefox.exe"" https://jobgallardo.com.mx/wp-admin/ut/link/
PID:2808",FileEvent,Read,2021-10-09 16:24:09.572,104333312
"""C:\Program Files\Mozilla Firefox\firefox.exe"" https://jobgallardo.com.mx/wp-admin/ut/link/
PID:2808",C:\Users\jpdz\AppData\Local\Mozilla\Firefox\Profiles\uzjxbbj5.default-release\cache2\entries\F634DF5AB8EE283A1673E22BFFA54E7D21C91376,FileEvent,Write,2021-10-09 16:24:11.847,2871
C:\Windows\Fonts\staticcache.dat,"""C:\Program Files\Mozilla Firefox\firefox.exe"" https://jobgallardo.com.mx/wp-admin/ut/link/
PID:2808",FileEvent,Read,2021-10-09 16:24:09.895,60
C:\Users\jpdz\AppData\Local\Mozilla\Firefox\Profiles\uzjxbbj5.default-release\safebrowsing\google4\goog-unwanted-proto.vlpset,"""C:\Program Files\Mozilla Firefox\firefox.exe"" https://jobgallardo.com.mx/wp-admin/ut/link/
PID:2808",FileEvent,Read,2021-10-09 16:24:10.160,53720
"""C:\Program Files\Mozilla Firefox\firefox.exe"" https://jobgallardo.com.mx/wp-admin/ut/link/
PID:2808",35.244.247.133,IpChannelEvent,TcpIpConnect,2021-10-09 16:24:11.943,0
"""C:\Program Files\Mozilla Firefox\firefox.exe"" https://jobgallardo.com.mx/wp-admin/ut/link/
PID:2808",35.244.247.133,IpChannelEvent,TcpIpSend,2021-10-09 16:24:12.4,3519
35.244.247.133,"""C:\Program Files\Mozilla Firefox\firefox.exe"" https://jobgallardo.com.mx/wp-admin/ut/link/
PID:2808",IpChannelEvent,TcpIpRecv,2021-10-09 16:24:12.4,4138
C:\Users\jpdz\AppData\Local\Mozilla\Firefox\Profiles\uzjxbbj5.default-release\startupCache\scriptCache-new.bin,"""C:\Program Files\Mozilla Firefox\firefox.exe"" https://jobgallardo.com.mx/wp-admin/ut/link/
PID:2808",FileEvent,Read,2021-10-09 16:24:22.152,32768
"""C:\Program Files\Mozilla Firefox\firefox.exe"" https://jobgallardo.com.mx/wp-admin/ut/link/
PID:2808",C:\Users\jpdz\AppData\Local\Mozilla\Firefox\Profiles\uzjxbbj5.default-release\startupCache\scriptCache-new.bin,FileEvent,Write,2021-10-09 16:24:22.141,9885070
C:\Users\jpdz\AppData\Roaming\Mozilla\Firefox\Profiles\uzjxbbj5.default-release\permissions.sqlite,"""C:\Program Files\Mozilla Firefox\firefox.exe"" https://jobgallardo.com.mx/wp-admin/ut/link/
PID:2808",FileEvent,Read,2021-10-09 16:24:09.735,65700
"""C:\Program Files\Mozilla Firefox\firefox.exe"" https://jobgallardo.com.mx/wp-admin/ut/link/
PID:2808",115.157.63.19,IpChannelEvent,TcpIpConnect,2021-10-09 16:24:11.931,0
"""C:\Program Files\Mozilla Firefox\firefox.exe"" https://jobgallardo.com.mx/wp-admin/ut/link/
PID:2808",115.157.63.19,IpChannelEvent,TcpIpSend,2021-10-09 16:24:11.963,1075
115.157.63.19,"""C:\Program Files\Mozilla Firefox\firefox.exe"" https://jobgallardo.com.mx/wp-admin/ut/link/
PID:2808",IpChannelEvent,TcpIpRecv,2021-10-09 16:24:11.963,5400
"""C:\Program Files\Mozilla Firefox\firefox.exe"" https://jobgallardo.com.mx/wp-admin/ut/link/
PID:2808",C:\Users\jpdz\AppData\Roaming\Mozilla\Firefox\Profiles\uzjxbbj5.default-release\extensions.json.tmp,FileEvent,Write,2021-10-09 16:24:17.778,57748
C:\Users\jpdz\AppData\Local\Mozilla\Firefox\Profiles\uzjxbbj5.default-release\safebrowsing\google4\goog-badbinurl-proto.metadata,"""C:\Program Files\Mozilla Firefox\firefox.exe"" https://jobgallardo.com.mx/wp-admin/ut/link/
PID:2808",FileEvent,Read,2021-10-09 16:24:11.814,71
C:\Users\jpdz\AppData\Local\Mozilla\Firefox\Profiles\uzjxbbj5.default-release\safebrowsing\block-flashsubdoc-digest256.sbstore,"""C:\Program Files\Mozilla Firefox\firefox.exe"" https://jobgallardo.com.mx/wp-admin/ut/link/
PID:2808",FileEvent,Read,2021-10-09 16:24:11.812,2576
C:\Users\jpdz\AppData\Roaming\Mozilla\Firefox\Profiles\uzjxbbj5.default-release\places.sqlite-shm,"""C:\Program Files\Mozilla Firefox\firefox.exe"" https://jobgallardo.com.mx/wp-admin/ut/link/
PID:2808",FileEvent,Read,2021-10-09 16:24:10.141,32768
C:\Users\jpdz\AppData\Local\Mozilla\Firefox\Profiles\uzjxbbj5.default-release\safebrowsing\mozplugin-block-digest256.sbstore,"""C:\Program Files\Mozilla Firefox\firefox.exe"" https://jobgallardo.com.mx/wp-admin/ut/link/
PID:2808",FileEvent,Read,2021-10-09 16:24:11.813,338
"""C:\Program Files\Mozilla Firefox\firefox.exe"" https://jobgallardo.com.mx/wp-admin/ut/link/
PID:2808",C:\Users\jpdz\AppData\Roaming\Mozilla\Firefox\Profiles\uzjxbbj5.default-release\datareporting\glean\pending_pings\4117e0e4-df04-4e45-b23c-8924bcb9ce86,FileEvent,Delete,2021-10-09 16:24:12.743,0
C:\Users\jpdz\AppData\Roaming\Mozilla\Firefox\Profiles\uzjxbbj5.default-release\datareporting\glean\pending_pings\4117e0e4-df04-4e45-b23c-8924bcb9ce86,"""C:\Program Files\Mozilla Firefox\firefox.exe"" https://jobgallardo.com.mx/wp-admin/ut/link/
PID:2808",FileEvent,Read,2021-10-09 16:24:12.58,49152
C:\Users\jpdz\AppData\Local\Mozilla\Firefox\Profiles\uzjxbbj5.default-release\safebrowsing\google4\goog-badbinurl-proto.vlpset,"""C:\Program Files\Mozilla Firefox\firefox.exe"" https://jobgallardo.com.mx/wp-admin/ut/link/
PID:2808",FileEvent,Read,2021-10-09 16:24:10.158,393216
"""C:\Program Files\Mozilla Firefox\firefox.exe"" https://jobgallardo.com.mx/wp-admin/ut/link/
PID:2808",C:\Users\jpdz\AppData\Local\Mozilla\Firefox\Profiles\uzjxbbj5.default-release\cache2\doomed\32278,FileEvent,Delete,2021-10-09 16:24:15.38,0
"""C:\Program Files\Mozilla Firefox\firefox.exe"" https://jobgallardo.com.mx/wp-admin/ut/link/
PID:2808",54.244.7.161,IpChannelEvent,TcpIpConnect,2021-10-09 16:24:12.156,0
"""C:\Program Files\Mozilla Firefox\firefox.exe"" https://jobgallardo.com.mx/wp-admin/ut/link/
PID:2808",54.244.7.161,IpChannelEvent,TcpIpSend,2021-10-09 16:24:12.351,1456
54.244.7.161,"""C:\Program Files\Mozilla Firefox\firefox.exe"" https://jobgallardo.com.mx/wp-admin/ut/link/
PID:2808",IpChannelEvent,TcpIpRecv,2021-10-09 16:24:12.372,3801
"""C:\Program Files\Mozilla Firefox\firefox.exe"" https://jobgallardo.com.mx/wp-admin/ut/link/
PID:2808",C:\Users\jpdz\AppData\Roaming\Mozilla\Firefox\Profiles\uzjxbbj5.default-release\storage.sqlite-journal,FileEvent,Delete,2021-10-09 16:24:12.850,0
"""C:\Program Files\Mozilla Firefox\firefox.exe"" https://jobgallardo.com.mx/wp-admin/ut/link/
PID:2808",C:\Users\jpdz\AppData\Roaming\Mozilla\Firefox\Profiles\uzjxbbj5.default-release\storage.sqlite-journal,FileEvent,Write,2021-10-09 16:24:12.477,17492
C:\Users\jpdz\AppData\Roaming\Mozilla\Firefox\Profiles\uzjxbbj5.default-release\storage.sqlite-journal,"""C:\Program Files\Mozilla Firefox\firefox.exe"" https://jobgallardo.com.mx/wp-admin/ut/link/
PID:2808",FileEvent,Read,2021-10-09 16:24:12.478,8
"""C:\Program Files\Mozilla Firefox\firefox.exe"" https://jobgallardo.com.mx/wp-admin/ut/link/
PID:2808",C:\Users\jpdz\AppData\Local\Mozilla\Firefox\Profiles\uzjxbbj5.default-release\cache2\entries\6D89348819C8881868053197CA0754F36784BF5F,FileEvent,Write,2021-10-09 16:24:11.745,41842
C:\Users\jpdz\AppData\Local\Mozilla\Firefox\Profiles\uzjxbbj5.default-release\cache2\entries\6D89348819C8881868053197CA0754F36784BF5F,"""C:\Program Files\Mozilla Firefox\firefox.exe"" https://jobgallardo.com.mx/wp-admin/ut/link/
PID:2808",FileEvent,Read,2021-10-09 16:24:11.732,8378
C:\Users\jpdz\AppData\Roaming\Mozilla\Firefox\Profiles\uzjxbbj5.default-release\storage\permanent\chrome\idb\2823318777ntouromlalnodry--naod.sqlite,"""C:\Program Files\Mozilla Firefox\firefox.exe"" https://jobgallardo.com.mx/wp-admin/ut/link/
PID:2808",FileEvent,Read,2021-10-09 16:24:11.867,37064
C:\Program Files\Mozilla Firefox\api-ms-win-crt-runtime-l1-1-0.dll,"""C:\Program Files\Mozilla Firefox\firefox.exe"" https://jobgallardo.com.mx/wp-admin/ut/link/
PID:2808",FileEvent,Read,2021-10-09 16:24:09.569,65536
C:\Users\jpdz\AppData\Roaming\Mozilla\Firefox\Profiles\uzjxbbj5.default-release\content-prefs.sqlite,"""C:\Program Files\Mozilla Firefox\firefox.exe"" https://jobgallardo.com.mx/wp-admin/ut/link/
PID:2808",FileEvent,Read,2021-10-09 16:24:14.79,65684
C:\Users\jpdz\AppData\Roaming\Mozilla\Firefox\Profiles\uzjxbbj5.default-release\search.json.mozlz4,"""C:\Program Files\Mozilla Firefox\firefox.exe"" https://jobgallardo.com.mx/wp-admin/ut/link/
PID:2808",FileEvent,Read,2021-10-09 16:24:09.922,187
"""C:\Program Files\Mozilla Firefox\firefox.exe"" https://jobgallardo.com.mx/wp-admin/ut/link/
PID:2808",C:\Users\jpdz\AppData\Roaming\Mozilla\Firefox\Profiles\uzjxbbj5.default-release\search.json.mozlz4,FileEvent,Write,2021-10-09 16:24:12.41,187
C:\Users\jpdz\AppData\Local\Mozilla\Firefox\Profiles\uzjxbbj5.default-release\safebrowsing\base-cryptomining-track-digest256.sbstore,"""C:\Program Files\Mozilla Firefox\firefox.exe"" https://jobgallardo.com.mx/wp-admin/ut/link/
PID:2808",FileEvent,Read,2021-10-09 16:24:11.812,314
C:\Users\jpdz\AppData\Local\Mozilla\Firefox\Profiles\uzjxbbj5.default-release\safebrowsing\social-tracking-protection-linkedin-digest256.sbstore,"""C:\Program Files\Mozilla Firefox\firefox.exe"" https://jobgallardo.com.mx/wp-admin/ut/link/
PID:2808",FileEvent,Read,2021-10-09 16:24:11.813,244
"""C:\Program Files\Mozilla Firefox\firefox.exe"" https://jobgallardo.com.mx/wp-admin/ut/link/
PID:2808",C:\Users\jpdz\AppData\Roaming\Mozilla\Firefox\Profiles\uzjxbbj5.default-release\datareporting\glean\tmp\4117e0e4-df04-4e45-b23c-8924bcb9ce86,FileEvent,Write,2021-10-09 16:24:12.58,1173
"""C:\Program Files\Mozilla Firefox\firefox.exe"" https://jobgallardo.com.mx/wp-admin/ut/link/
PID:2808",203.208.40.34,IpChannelEvent,TcpIpConnect,2021-10-09 16:24:16.379,0
"""C:\Program Files\Mozilla Firefox\firefox.exe"" https://jobgallardo.com.mx/wp-admin/ut/link/
PID:2808",203.208.40.34,IpChannelEvent,TcpIpDisconnect,2021-10-09 16:24:16.668,0
"""C:\Program Files\Mozilla Firefox\firefox.exe"" https://jobgallardo.com.mx/wp-admin/ut/link/
PID:2808",203.208.40.34,IpChannelEvent,TcpIpSend,2021-10-09 16:24:16.459,792
203.208.40.34,"""C:\Program Files\Mozilla Firefox\firefox.exe"" https://jobgallardo.com.mx/wp-admin/ut/link/
PID:2808",IpChannelEvent,TcpIpRecv,2021-10-09 16:24:16.459,4433
"""C:\Program Files\Mozilla Firefox\firefox.exe"" https://jobgallardo.com.mx/wp-admin/ut/link/
PID:2808",C:\Users\jpdz\AppData\Roaming\Mozilla\Firefox\Profiles\uzjxbbj5.default-release\datareporting\glean\pending_pings\dfc2e817-9b97-41cf-b42a-047df087e92d,FileEvent,Delete,2021-10-09 16:24:12.501,0
C:\Users\jpdz\AppData\Roaming\Mozilla\Firefox\Profiles\uzjxbbj5.default-release\datareporting\glean\pending_pings\dfc2e817-9b97-41cf-b42a-047df087e92d,"""C:\Program Files\Mozilla Firefox\firefox.exe"" https://jobgallardo.com.mx/wp-admin/ut/link/
PID:2808",FileEvent,Read,2021-10-09 16:24:12.54,49152
C:\Users\jpdz\AppData\Local\Mozilla\Firefox\Profiles\uzjxbbj5.default-release\safebrowsing\block-flash-digest256.sbstore,"""C:\Program Files\Mozilla Firefox\firefox.exe"" https://jobgallardo.com.mx/wp-admin/ut/link/
PID:2808",FileEvent,Read,2021-10-09 16:24:11.812,451
C:\Users\jpdz\AppData\Roaming\Mozilla\Firefox\Profiles\uzjxbbj5.default-release\datareporting\state.json,"""C:\Program Files\Mozilla Firefox\firefox.exe"" https://jobgallardo.com.mx/wp-admin/ut/link/
PID:2808",FileEvent,Read,2021-10-09 16:24:11.760,51
"""C:\Program Files\Mozilla Firefox\firefox.exe"" https://jobgallardo.com.mx/wp-admin/ut/link/
PID:2808",125.220.192.143,IpChannelEvent,TcpIpConnect,2021-10-09 16:24:10.114,0
"""C:\Program Files\Mozilla Firefox\firefox.exe"" https://jobgallardo.com.mx/wp-admin/ut/link/
PID:2808",125.220.192.143,IpChannelEvent,TcpIpSend,2021-10-09 16:24:10.145,602
125.220.192.143,"""C:\Program Files\Mozilla Firefox\firefox.exe"" https://jobgallardo.com.mx/wp-admin/ut/link/
PID:2808",IpChannelEvent,TcpIpRecv,2021-10-09 16:24:10.145,3605
125.220.192.143,"""C:\Program Files\Mozilla Firefox\firefox.exe"" https://jobgallardo.com.mx/wp-admin/ut/link/
PID:2808",IpChannelEvent,TcpIpRecv,2021-10-09 16:24:10.418,860
"""C:\Program Files\Mozilla Firefox\firefox.exe"" https://jobgallardo.com.mx/wp-admin/ut/link/
PID:2808",125.220.192.143,IpChannelEvent,TcpIpSend,2021-10-09 16:24:11.852,657
C:\Users\jpdz\AppData\Local\Mozilla\Firefox\Profiles\uzjxbbj5.default-release\safebrowsing\base-fingerprinting-track-digest256.vlpset,"""C:\Program Files\Mozilla Firefox\firefox.exe"" https://jobgallardo.com.mx/wp-admin/ut/link/
PID:2808",FileEvent,Read,2021-10-09 16:24:10.154,3717
C:\Users\jpdz\AppData\Local\Mozilla\Firefox\Profiles\uzjxbbj5.default-release\safebrowsing\social-tracking-protection-twitter-digest256.sbstore,"""C:\Program Files\Mozilla Firefox\firefox.exe"" https://jobgallardo.com.mx/wp-admin/ut/link/
PID:2808",FileEvent,Read,2021-10-09 16:24:11.813,247
"""C:\Program Files\Mozilla Firefox\firefox.exe"" https://jobgallardo.com.mx/wp-admin/ut/link/
PID:2808",162.144.239.160,IpChannelEvent,TcpIpConnect,2021-10-09 16:24:14.608,0
"""C:\Program Files\Mozilla Firefox\firefox.exe"" https://jobgallardo.com.mx/wp-admin/ut/link/
PID:2808",162.144.239.160,IpChannelEvent,TcpIpDisconnect,2021-10-09 16:24:20.102,0
"""C:\Program Files\Mozilla Firefox\firefox.exe"" https://jobgallardo.com.mx/wp-admin/ut/link/
PID:2808",162.144.239.160,IpChannelEvent,TcpIpSend,2021-10-09 16:24:14.858,605
162.144.239.160,"""C:\Program Files\Mozilla Firefox\firefox.exe"" https://jobgallardo.com.mx/wp-admin/ut/link/
PID:2808",IpChannelEvent,TcpIpRecv,2021-10-09 16:24:14.890,6283
"""C:\Program Files\Mozilla Firefox\firefox.exe"" https://jobgallardo.com.mx/wp-admin/ut/link/
PID:2808",C:\Users\jpdz\AppData\Local\Mozilla\Firefox\Profiles\uzjxbbj5.default-release\cache2\entries\4B9D43A20BE18B2F9503D35F4F786889B01CF3B1,FileEvent,Write,2021-10-09 16:24:14.956,2082
"""C:\Program Files\Mozilla Firefox\firefox.exe"" https://jobgallardo.com.mx/wp-admin/ut/link/
PID:2808",34.107.221.82,IpChannelEvent,TcpIpConnect,2021-10-09 16:24:11.894,0
"""C:\Program Files\Mozilla Firefox\firefox.exe"" https://jobgallardo.com.mx/wp-admin/ut/link/
PID:2808",34.107.221.82,IpChannelEvent,TcpIpSend,2021-10-09 16:24:11.938,335
34.107.221.82,"""C:\Program Files\Mozilla Firefox\firefox.exe"" https://jobgallardo.com.mx/wp-admin/ut/link/
PID:2808",IpChannelEvent,TcpIpRecv,2021-10-09 16:24:11.938,220
C:\Users\jpdz\AppData\Local\Mozilla\Firefox\Profiles\uzjxbbj5.default-release\safebrowsing\social-tracking-protection-linkedin-digest256.vlpset,"""C:\Program Files\Mozilla Firefox\firefox.exe"" https://jobgallardo.com.mx/wp-admin/ut/link/
PID:2808",FileEvent,Read,2021-10-09 16:24:10.161,133
"""C:\Program Files\Mozilla Firefox\firefox.exe"" https://jobgallardo.com.mx/wp-admin/ut/link/
PID:2808",C:\Users\jpdz\AppData\Roaming\Mozilla\Firefox\Profiles\uzjxbbj5.default-release\storage\default\moz-extension+++7b7c287d-b9ee-4c40-99c0-63c5bd847cee^userContextId=4294967295\idb\3647222921wleabcEoxlt-eengsairo.sqlite-wal,FileEvent,Delete,2021-10-09 16:24:12.852,0
"""C:\Program Files\Mozilla Firefox\firefox.exe"" https://jobgallardo.com.mx/wp-admin/ut/link/
PID:2808",C:\Users\jpdz\AppData\Roaming\Mozilla\Firefox\Profiles\uzjxbbj5.default-release\storage\default\moz-extension+++7b7c287d-b9ee-4c40-99c0-63c5bd847cee^userContextId=4294967295\idb\3647222921wleabcEoxlt-eengsairo.sqlite-wal,FileEvent,Delete,2021-10-09 16:24:24.480,0
"""C:\Program Files\Mozilla Firefox\firefox.exe"" https://jobgallardo.com.mx/wp-admin/ut/link/
PID:2808",203.208.41.34,IpChannelEvent,TcpIpConnect,2021-10-09 16:24:14.456,0
203.208.41.34,"""C:\Program Files\Mozilla Firefox\firefox.exe"" https://jobgallardo.com.mx/wp-admin/ut/link/
PID:2808",IpChannelEvent,TcpIpRecv,2021-10-09 16:24:14.591,1404
"""C:\Program Files\Mozilla Firefox\firefox.exe"" https://jobgallardo.com.mx/wp-admin/ut/link/
PID:2808",203.208.41.34,IpChannelEvent,TcpIpSend,2021-10-09 16:24:14.591,918
C:\Users\jpdz\AppData\Local\Mozilla\Firefox\Profiles\uzjxbbj5.default-release\cache2\entries\E863DEE39AB0EF279CE01AF8C128F96010854FC3,"""C:\Program Files\Mozilla Firefox\firefox.exe"" https://jobgallardo.com.mx/wp-admin/ut/link/
PID:2808",FileEvent,Read,2021-10-09 16:24:12.694,12676
"""C:\Program Files\Mozilla Firefox\firefox.exe"" https://jobgallardo.com.mx/wp-admin/ut/link/
PID:2808",C:\Users\jpdz\AppData\Local\Mozilla\Firefox\Profiles\uzjxbbj5.default-release\cache2\entries\E863DEE39AB0EF279CE01AF8C128F96010854FC3,FileEvent,Write,2021-10-09 16:24:12.696,63374
C:\Users\jpdz\AppData\Local\Mozilla\Firefox\Profiles\uzjxbbj5.default-release\safebrowsing\mozstd-trackwhite-digest256.vlpset,"""C:\Program Files\Mozilla Firefox\firefox.exe"" https://jobgallardo.com.mx/wp-admin/ut/link/
PID:2808",FileEvent,Read,2021-10-09 16:24:10.160,655360
C:\Users\jpdz\AppData\Roaming\Mozilla\Firefox\Profiles\uzjxbbj5.default-release\security_state\data.safe.bin,"""C:\Program Files\Mozilla Firefox\firefox.exe"" https://jobgallardo.com.mx/wp-admin/ut/link/
PID:2808",FileEvent,Read,2021-10-09 16:24:10.161,1222667
"""C:\Program Files\Mozilla Firefox\firefox.exe"" https://jobgallardo.com.mx/wp-admin/ut/link/
PID:2808","""C:\Program Files\Mozilla Firefox\firefox.exe"" -contentproc --channel=""2808.3.2037829142\787873349"" -childID 2 -isForBrowser -prefsHandle 2576 -prefMapHandle 2572 -prefsLen 9071 -prefMapSize 252743 -jsInit 844 286204 -parentBuildID 20210927210923 -appdir ""C:\Program Files\Mozilla Firefox\browser"" - 2808 ""\\.\pipe\gecko-crash-server-pipe.2808"" 2588 1a335e28 tab
PID:3860",ProcessEvent,Create,2021-10-09 16:24:11.771,
"""C:\Program Files\Mozilla Firefox\firefox.exe"" https://jobgallardo.com.mx/wp-admin/ut/link/
PID:2808",117.18.237.29,IpChannelEvent,TcpIpConnect,2021-10-09 16:24:12.133,0
"""C:\Program Files\Mozilla Firefox\firefox.exe"" https://jobgallardo.com.mx/wp-admin/ut/link/
PID:2808",117.18.237.29,IpChannelEvent,TcpIpDisconnect,2021-10-09 16:24:17.856,0
"""C:\Program Files\Mozilla Firefox\firefox.exe"" https://jobgallardo.com.mx/wp-admin/ut/link/
PID:2808",39.107.233.151,IpChannelEvent,TcpIpConnect,2021-10-09 16:24:14.948,0
39.107.233.151,"""C:\Program Files\Mozilla Firefox\firefox.exe"" https://jobgallardo.com.mx/wp-admin/ut/link/
PID:2808",IpChannelEvent,TcpIpRecv,2021-10-09 16:24:14.956,382
"""C:\Program Files\Mozilla Firefox\firefox.exe"" https://jobgallardo.com.mx/wp-admin/ut/link/
PID:2808",39.107.233.151,IpChannelEvent,TcpIpSend,2021-10-09 16:24:14.956,532
"""C:\Program Files\Mozilla Firefox\firefox.exe"" https://jobgallardo.com.mx/wp-admin/ut/link/
PID:2808",162.144.239.160,IpChannelEvent,TcpIpConnect,2021-10-09 16:24:14.369,0
"""C:\Program Files\Mozilla Firefox\firefox.exe"" https://jobgallardo.com.mx/wp-admin/ut/link/
PID:2808",162.144.239.160,IpChannelEvent,TcpIpDisconnect,2021-10-09 16:24:22.409,0
"""C:\Program Files\Mozilla Firefox\firefox.exe"" https://jobgallardo.com.mx/wp-admin/ut/link/
PID:2808",162.144.239.160,IpChannelEvent,TcpIpSend,2021-10-09 16:24:14.608,4155
162.144.239.160,"""C:\Program Files\Mozilla Firefox\firefox.exe"" https://jobgallardo.com.mx/wp-admin/ut/link/
PID:2808",IpChannelEvent,TcpIpRecv,2021-10-09 16:24:14.668,187651
"""C:\Program Files\Mozilla Firefox\firefox.exe"" https://jobgallardo.com.mx/wp-admin/ut/link/
PID:2808",C:\Users\jpdz\AppData\Local\Mozilla\Firefox\Profiles\uzjxbbj5.default-release\cache2\entries\9BFD1C2A2EC6F9744A4A90F1B36EF102A92AC089,FileEvent,Write,2021-10-09 16:24:12.741,17434
C:\Users\jpdz\AppData\Roaming\Mozilla\Firefox\Profiles\uzjxbbj5.default-release\handlers.json,"""C:\Program Files\Mozilla Firefox\firefox.exe"" https://jobgallardo.com.mx/wp-admin/ut/link/
PID:2808",FileEvent,Read,2021-10-09 16:24:11.936,733
"""C:\Program Files\Mozilla Firefox\firefox.exe"" https://jobgallardo.com.mx/wp-admin/ut/link/
PID:2808",127.0.0.1,IpChannelEvent,TcpIpAccept,2021-10-09 16:24:09.646,0
127.0.0.1,"""C:\Program Files\Mozilla Firefox\firefox.exe"" https://jobgallardo.com.mx/wp-admin/ut/link/
PID:2808",IpChannelEvent,TcpIpRecv,2021-10-09 16:24:09.646,23
127.0.0.1,"""C:\Program Files\Mozilla Firefox\firefox.exe"" https://jobgallardo.com.mx/wp-admin/ut/link/
PID:2808",IpChannelEvent,TcpIpRecv,2021-10-09 16:24:11.121,1266
"""C:\Program Files\Mozilla Firefox\firefox.exe"" https://jobgallardo.com.mx/wp-admin/ut/link/
PID:2808",C:\Users\jpdz\AppData\Roaming\Mozilla\Firefox\Profiles\uzjxbbj5.default-release\storage\default\moz-extension+++0c3666b5-67b1-4855-b50d-d5fbfc0d2874^userContextId=4294967295\idb\3647222921wleabcEoxlt-eengsairo.sqlite-wal,FileEvent,Delete,2021-10-09 16:24:12.853,0
"""C:\Program Files\Mozilla Firefox\firefox.exe"" https://jobgallardo.com.mx/wp-admin/ut/link/
PID:2808",C:\Users\jpdz\AppData\Roaming\Mozilla\Firefox\Profiles\uzjxbbj5.default-release\storage\default\moz-extension+++0c3666b5-67b1-4855-b50d-d5fbfc0d2874^userContextId=4294967295\idb\3647222921wleabcEoxlt-eengsairo.sqlite-wal,FileEvent,Delete,2021-10-09 16:24:28.965,0
"""C:\Program Files\Mozilla Firefox\firefox.exe"" https://jobgallardo.com.mx/wp-admin/ut/link/
PID:2808",C:\Users\jpdz\AppData\Roaming\Mozilla\Firefox\Profiles\uzjxbbj5.default-release\storage\default\moz-extension+++0c3666b5-67b1-4855-b50d-d5fbfc0d2874^userContextId=4294967295\idb\3647222921wleabcEoxlt-eengsairo.sqlite-wal,FileEvent,Write,2021-10-09 16:24:13.164,20560
C:\Users\jpdz\AppData\Roaming\Mozilla\Firefox\Profiles\uzjxbbj5.default-release\storage\default\moz-extension+++0c3666b5-67b1-4855-b50d-d5fbfc0d2874^userContextId=4294967295\idb\3647222921wleabcEoxlt-eengsairo.sqlite-wal,"""C:\Program Files\Mozilla Firefox\firefox.exe"" https://jobgallardo.com.mx/wp-admin/ut/link/
PID:2808",FileEvent,Read,2021-10-09 16:24:17.934,4096
C:\Users\jpdz\AppData\Local\Mozilla\Firefox\Profiles\uzjxbbj5.default-release\safebrowsing\except-flashallow-digest256.sbstore,"""C:\Program Files\Mozilla Firefox\firefox.exe"" https://jobgallardo.com.mx/wp-admin/ut/link/
PID:2808",FileEvent,Read,2021-10-09 16:24:11.812,236
C:\Program Files\Mozilla Firefox\api-ms-win-crt-locale-l1-1-0.dll,"""C:\Program Files\Mozilla Firefox\firefox.exe"" https://jobgallardo.com.mx/wp-admin/ut/link/
PID:2808",FileEvent,Read,2021-10-09 16:24:09.572,65536
C:\Program Files\Mozilla Firefox\mozglue.dll,"""C:\Program Files\Mozilla Firefox\firefox.exe"" https://jobgallardo.com.mx/wp-admin/ut/link/
PID:2808",FileEvent,Read,2021-10-09 16:24:09.569,589824
"""C:\Program Files\Mozilla Firefox\firefox.exe"" https://jobgallardo.com.mx/wp-admin/ut/link/
PID:2808",127.0.0.1,IpChannelEvent,TcpIpConnect,2021-10-09 16:24:09.646,0
"""C:\Program Files\Mozilla Firefox\firefox.exe"" https://jobgallardo.com.mx/wp-admin/ut/link/
PID:2808",127.0.0.1,IpChannelEvent,TcpIpSend,2021-10-09 16:24:09.646,23
"""C:\Program Files\Mozilla Firefox\firefox.exe"" https://jobgallardo.com.mx/wp-admin/ut/link/
PID:2808",127.0.0.1,IpChannelEvent,TcpIpSend,2021-10-09 16:24:11.121,1266
"""C:\Program Files\Mozilla Firefox\firefox.exe"" https://jobgallardo.com.mx/wp-admin/ut/link/
PID:2808",C:\Users\jpdz\AppData\Local\Mozilla\Firefox\Profiles\uzjxbbj5.default-release\cache2\entries\F3CFD39B9AA080FFD66010FCCFDFEDF0707784AF,FileEvent,Write,2021-10-09 16:24:12.494,17432
C:\Users\jpdz\AppData\Local\Mozilla\Firefox\Profiles\uzjxbbj5.default-release\cache2\index,"""C:\Program Files\Mozilla Firefox\firefox.exe"" https://jobgallardo.com.mx/wp-admin/ut/link/
PID:2808",FileEvent,Read,2021-10-09 16:24:09.761,348
"""C:\Program Files\Mozilla Firefox\firefox.exe"" https://jobgallardo.com.mx/wp-admin/ut/link/
PID:2808",C:\Users\jpdz\AppData\Local\Mozilla\Firefox\Profiles\uzjxbbj5.default-release\cache2\index,FileEvent,Write,2021-10-09 16:24:09.762,8
"""C:\Program Files\Mozilla Firefox\firefox.exe"" https://jobgallardo.com.mx/wp-admin/ut/link/
PID:2808",52.26.168.11,IpChannelEvent,TcpIpConnect,2021-10-09 16:24:12.120,0
"""C:\Program Files\Mozilla Firefox\firefox.exe"" https://jobgallardo.com.mx/wp-admin/ut/link/
PID:2808",52.26.168.11,IpChannelEvent,TcpIpDisconnect,2021-10-09 16:24:13.196,0
"""C:\Program Files\Mozilla Firefox\firefox.exe"" https://jobgallardo.com.mx/wp-admin/ut/link/
PID:2808",52.26.168.11,IpChannelEvent,TcpIpSend,2021-10-09 16:24:12.336,1972
52.26.168.11,"""C:\Program Files\Mozilla Firefox\firefox.exe"" https://jobgallardo.com.mx/wp-admin/ut/link/
PID:2808",IpChannelEvent,TcpIpRecv,2021-10-09 16:24:12.337,3716
C:\Program Files\Mozilla Firefox\api-ms-win-crt-math-l1-1-0.dll,"""C:\Program Files\Mozilla Firefox\firefox.exe"" https://jobgallardo.com.mx/wp-admin/ut/link/
PID:2808",FileEvent,Read,2021-10-09 16:24:09.569,65536
C:\Program Files\Mozilla Firefox\api-ms-win-crt-stdio-l1-1-0.dll,"""C:\Program Files\Mozilla Firefox\firefox.exe"" https://jobgallardo.com.mx/wp-admin/ut/link/
PID:2808",FileEvent,Read,2021-10-09 16:24:09.569,65536
C:\Users\jpdz\AppData\Roaming\Mozilla\Firefox\Profiles\profiles.log,"""C:\Program Files\Mozilla Firefox\firefox.exe"" https://jobgallardo.com.mx/wp-admin/ut/link/
PID:2808",FileEvent,Read,2021-10-09 16:24:14.941,16384
"""C:\Program Files\Mozilla Firefox\firefox.exe"" https://jobgallardo.com.mx/wp-admin/ut/link/
PID:2808",C:\Users\jpdz\AppData\Local\Temp\firefox,FileEvent,Delete,2021-10-09 16:24:09.805,0
"""C:\Program Files\Mozilla Firefox\firefox.exe"" https://jobgallardo.com.mx/wp-admin/ut/link/
PID:2808",C:\Users\jpdz\AppData\Local\Mozilla\Firefox\Profiles\uzjxbbj5.default-release\cache2\entries\AA94879A6109D17042B38C7B292A842162553AA7,FileEvent,Write,2021-10-09 16:24:12.94,26411
C:\Program Files\Mozilla Firefox\api-ms-win-crt-utility-l1-1-0.dll,"""C:\Program Files\Mozilla Firefox\firefox.exe"" https://jobgallardo.com.mx/wp-admin/ut/link/
PID:2808",FileEvent,Read,2021-10-09 16:24:09.569,65536
"""C:\Program Files\Mozilla Firefox\firefox.exe"" https://jobgallardo.com.mx/wp-admin/ut/link/
PID:2808",162.144.239.160,IpChannelEvent,TcpIpConnect,2021-10-09 16:24:12.359,0
"""C:\Program Files\Mozilla Firefox\firefox.exe"" https://jobgallardo.com.mx/wp-admin/ut/link/
PID:2808",162.144.239.160,IpChannelEvent,TcpIpDisconnect,2021-10-09 16:24:22.413,0
"""C:\Program Files\Mozilla Firefox\firefox.exe"" https://jobgallardo.com.mx/wp-admin/ut/link/
PID:2808",162.144.239.160,IpChannelEvent,TcpIpSend,2021-10-09 16:24:12.604,4659
162.144.239.160,"""C:\Program Files\Mozilla Firefox\firefox.exe"" https://jobgallardo.com.mx/wp-admin/ut/link/
PID:2808",IpChannelEvent,TcpIpRecv,2021-10-09 16:24:12.763,432618
"""C:\Program Files\Mozilla Firefox\firefox.exe"" https://jobgallardo.com.mx/wp-admin/ut/link/
PID:2808",203.208.40.34,IpChannelEvent,TcpIpConnect,2021-10-09 16:24:16.379,0
"""C:\Program Files\Mozilla Firefox\firefox.exe"" https://jobgallardo.com.mx/wp-admin/ut/link/
PID:2808",203.208.40.34,IpChannelEvent,TcpIpDisconnect,2021-10-09 16:24:18.102,0
"""C:\Program Files\Mozilla Firefox\firefox.exe"" https://jobgallardo.com.mx/wp-admin/ut/link/
PID:2808",203.208.40.34,IpChannelEvent,TcpIpSend,2021-10-09 16:24:16.384,1718
203.208.40.34,"""C:\Program Files\Mozilla Firefox\firefox.exe"" https://jobgallardo.com.mx/wp-admin/ut/link/
PID:2808",IpChannelEvent,TcpIpRecv,2021-10-09 16:24:16.454,103223
"""C:\Program Files\Mozilla Firefox\firefox.exe"" https://jobgallardo.com.mx/wp-admin/ut/link/
PID:2808",C:\Users\jpdz\AppData\Roaming\Mozilla\Firefox\Profiles\uzjxbbj5.default-release\cookies.sqlite-wal,FileEvent,Delete,2021-10-09 16:24:09.765,0
C:\Users\jpdz\AppData\Roaming\Mozilla\Firefox\Profiles\UZJXBB~1.DEF\pkcs11.txt,"""C:\Program Files\Mozilla Firefox\firefox.exe"" https://jobgallardo.com.mx/wp-admin/ut/link/
PID:2808",FileEvent,Read,2021-10-09 16:24:09.943,8192
C:\Program Files\Mozilla Firefox\lgpllibs.dll,"""C:\Program Files\Mozilla Firefox\firefox.exe"" https://jobgallardo.com.mx/wp-admin/ut/link/
PID:2808",FileEvent,Read,2021-10-09 16:24:09.571,65536
C:\Users\jpdz\AppData\Roaming\Mozilla\Firefox\Profiles\uzjxbbj5.default-release\addonStartup.json.lz4,"""C:\Program Files\Mozilla Firefox\firefox.exe"" https://jobgallardo.com.mx/wp-admin/ut/link/
PID:2808",FileEvent,Read,2021-10-09 16:24:09.665,5706
C:\Users\jpdz\AppData\Local\Mozilla\Firefox\Profiles\uzjxbbj5.default-release\safebrowsing\block-flash-digest256.vlpset,"""C:\Program Files\Mozilla Firefox\firefox.exe"" https://jobgallardo.com.mx/wp-admin/ut/link/
PID:2808",FileEvent,Read,2021-10-09 16:24:10.154,6661
C:\Users\jpdz\AppData\Local\Mozilla\Firefox\Profiles\uzjxbbj5.default-release\safebrowsing\except-flashsubdoc-digest256.vlpset,"""C:\Program Files\Mozilla Firefox\firefox.exe"" https://jobgallardo.com.mx/wp-admin/ut/link/
PID:2808",FileEvent,Read,2021-10-09 16:24:10.154,133
"""C:\Program Files\Mozilla Firefox\firefox.exe"" https://jobgallardo.com.mx/wp-admin/ut/link/
PID:2808",C:\Users\jpdz\AppData\Roaming\Mozilla\Firefox\Profiles\uzjxbbj5.default-release\datareporting\glean\tmp\dfc2e817-9b97-41cf-b42a-047df087e92d,FileEvent,Write,2021-10-09 16:24:12.53,4416
"""C:\Program Files\Mozilla Firefox\firefox.exe"" https://jobgallardo.com.mx/wp-admin/ut/link/
PID:2808",203.208.41.34,IpChannelEvent,TcpIpConnect,2021-10-09 16:24:16.523,0
203.208.41.34,"""C:\Program Files\Mozilla Firefox\firefox.exe"" https://jobgallardo.com.mx/wp-admin/ut/link/
PID:2808",IpChannelEvent,TcpIpRecv,2021-10-09 16:24:16.594,702
"""C:\Program Files\Mozilla Firefox\firefox.exe"" https://jobgallardo.com.mx/wp-admin/ut/link/
PID:2808",203.208.41.34,IpChannelEvent,TcpIpSend,2021-10-09 16:24:16.594,459
"""C:\Program Files\Mozilla Firefox\firefox.exe"" https://jobgallardo.com.mx/wp-admin/ut/link/
PID:2808",C:\Users\jpdz\AppData\Local\Mozilla\Firefox\Profiles\uzjxbbj5.default-release\cache2\entries\BEEAF9180B0A032DEE75D356EF60C8A42A21E761,FileEvent,Write,2021-10-09 16:24:11.759,44081
C:\Users\jpdz\AppData\Local\Mozilla\Firefox\Profiles\uzjxbbj5.default-release\cache2\entries\BEEAF9180B0A032DEE75D356EF60C8A42A21E761,"""C:\Program Files\Mozilla Firefox\firefox.exe"" https://jobgallardo.com.mx/wp-admin/ut/link/
PID:2808",FileEvent,Read,2021-10-09 16:24:11.756,9135
C:\Windows\system32\ExplorerFrame.dll,"""C:\Program Files\Mozilla Firefox\firefox.exe"" https://jobgallardo.com.mx/wp-admin/ut/link/
PID:2808",FileEvent,Read,2021-10-09 16:24:09.663,1507328
"""C:\Program Files\Mozilla Firefox\firefox.exe"" https://jobgallardo.com.mx/wp-admin/ut/link/
PID:2808",52.84.228.93,IpChannelEvent,TcpIpConnect,2021-10-09 16:24:13.353,0
52.84.228.93,"""C:\Program Files\Mozilla Firefox\firefox.exe"" https://jobgallardo.com.mx/wp-admin/ut/link/
PID:2808",IpChannelEvent,TcpIpRecv,2021-10-09 16:24:13.440,51789
"""C:\Program Files\Mozilla Firefox\firefox.exe"" https://jobgallardo.com.mx/wp-admin/ut/link/
PID:2808",52.84.228.93,IpChannelEvent,TcpIpSend,2021-10-09 16:24:13.440,1905
"""C:\Program Files\Mozilla Firefox\firefox.exe"" https://jobgallardo.com.mx/wp-admin/ut/link/
PID:2808",C:\Users\jpdz\AppData\Local\Mozilla\Firefox\Profiles\uzjxbbj5.default-release\cache2\doomed\29515,FileEvent,Delete,2021-10-09 16:24:09.762,0
"""C:\Program Files\Mozilla Firefox\firefox.exe"" https://jobgallardo.com.mx/wp-admin/ut/link/
PID:2808","""C:\Program Files\Mozilla Firefox\firefox.exe"" -contentproc --channel=""2808.0.419698110\1917328120"" -parentBuildID 20210927210923 -prefsHandle 1016 -prefMapHandle 988 -prefsLen 1 -prefMapSize 252743 -appdir ""C:\Program Files\Mozilla Firefox\browser"" - 2808 ""\\.\pipe\gecko-crash-server-pipe.2808"" 1088 cfb43d8 gpu
PID:3720",ProcessEvent,Create,2021-10-09 16:24:09.682,
C:\Users\jpdz\AppData\Local\Mozilla\Firefox\Profiles\uzjxbbj5.default-release\safebrowsing\google4\goog-downloadwhite-proto.vlpset,"""C:\Program Files\Mozilla Firefox\firefox.exe"" https://jobgallardo.com.mx/wp-admin/ut/link/
PID:2808",FileEvent,Read,2021-10-09 16:24:10.159,34085
C:\Users\jpdz\AppData\Roaming\Mozilla\Firefox\Profiles\uzjxbbj5.default-release\serviceworker.txt,"""C:\Program Files\Mozilla Firefox\firefox.exe"" https://jobgallardo.com.mx/wp-admin/ut/link/
PID:2808",FileEvent,Read,2021-10-09 16:24:09.766,8192
"""C:\Program Files\Mozilla Firefox\firefox.exe"" https://jobgallardo.com.mx/wp-admin/ut/link/
PID:2808",203.208.40.34,IpChannelEvent,TcpIpConnect,2021-10-09 16:24:16.403,0
"""C:\Program Files\Mozilla Firefox\firefox.exe"" https://jobgallardo.com.mx/wp-admin/ut/link/
PID:2808",203.208.40.34,IpChannelEvent,TcpIpDisconnect,2021-10-09 16:24:16.678,0
"""C:\Program Files\Mozilla Firefox\firefox.exe"" https://jobgallardo.com.mx/wp-admin/ut/link/
PID:2808",203.208.40.34,IpChannelEvent,TcpIpSend,2021-10-09 16:24:16.482,792
203.208.40.34,"""C:\Program Files\Mozilla Firefox\firefox.exe"" https://jobgallardo.com.mx/wp-admin/ut/link/
PID:2808",IpChannelEvent,TcpIpRecv,2021-10-09 16:24:16.482,4432
C:\Users\jpdz\AppData\Local\Mozilla\Firefox\Profiles\uzjxbbj5.default-release\settings\main\ms-language-packs\asrouter.ftl,"""C:\Program Files\Mozilla Firefox\firefox.exe"" https://jobgallardo.com.mx/wp-admin/ut/link/
PID:2808",FileEvent,Read,2021-10-09 16:24:12.289,49957
C:\Users\jpdz\AppData\Local\Mozilla\Firefox\Profiles\uzjxbbj5.default-release\safebrowsing\google4\goog-malware-proto.vlpset,"""C:\Program Files\Mozilla Firefox\firefox.exe"" https://jobgallardo.com.mx/wp-admin/ut/link/
PID:2808",FileEvent,Read,2021-10-09 16:24:10.159,393216
"""C:\Program Files\Mozilla Firefox\firefox.exe"" https://jobgallardo.com.mx/wp-admin/ut/link/
PID:2808",203.208.40.97,IpChannelEvent,TcpIpConnect,2021-10-09 16:24:14.351,0
"""C:\Program Files\Mozilla Firefox\firefox.exe"" https://jobgallardo.com.mx/wp-admin/ut/link/
PID:2808",203.208.40.97,IpChannelEvent,TcpIpDisconnect,2021-10-09 16:24:14.756,0
"""C:\Program Files\Mozilla Firefox\firefox.exe"" https://jobgallardo.com.mx/wp-admin/ut/link/
PID:2808",203.208.40.97,IpChannelEvent,TcpIpSend,2021-10-09 16:24:14.358,792
203.208.40.97,"""C:\Program Files\Mozilla Firefox\firefox.exe"" https://jobgallardo.com.mx/wp-admin/ut/link/
PID:2808",IpChannelEvent,TcpIpRecv,2021-10-09 16:24:14.424,4777
C:\Users\jpdz\AppData\Roaming\Mozilla\Firefox\Profiles\uzjxbbj5.default-release\storage\default\moz-extension+++0c3666b5-67b1-4855-b50d-d5fbfc0d2874^userContextId=4294967295\idb\3647222921wleabcEoxlt-eengsairo.sqlite,"""C:\Program Files\Mozilla Firefox\firefox.exe"" https://jobgallardo.com.mx/wp-admin/ut/link/
PID:2808",FileEvent,Read,2021-10-09 16:24:12.852,37064
"""C:\Program Files\Mozilla Firefox\firefox.exe"" https://jobgallardo.com.mx/wp-admin/ut/link/
PID:2808",C:\Users\jpdz\AppData\Roaming\Mozilla\Firefox\Profiles\uzjxbbj5.default-release\storage\default\moz-extension+++0c3666b5-67b1-4855-b50d-d5fbfc0d2874^userContextId=4294967295\idb\3647222921wleabcEoxlt-eengsairo.sqlite,FileEvent,Write,2021-10-09 16:24:17.935,8192
C:\Program Files\Mozilla Firefox\api-ms-win-crt-heap-l1-1-0.dll,"""C:\Program Files\Mozilla Firefox\firefox.exe"" https://jobgallardo.com.mx/wp-admin/ut/link/
PID:2808",FileEvent,Read,2021-10-09 16:24:09.569,65536
"""C:\Program Files\Mozilla Firefox\firefox.exe"" -contentproc --channel=""2808.1.413074860\480648709"" -childID 1 -isForBrowser -prefsHandle 2176 -prefMapHandle 2168 -prefsLen 3677 -prefMapSize 252743 -jsInit 844 286204 -parentBuildID 20210927210923 -appdir ""C:\Program Files\Mozilla Firefox\browser"" - 2808 ""\\.\pipe\gecko-crash-server-pipe.2808"" 2188 156bf648 tab
PID:560",127.0.0.1,IpChannelEvent,TcpIpConnect,2021-10-09 16:24:10.181,0
"""C:\Program Files\Mozilla Firefox\firefox.exe"" -contentproc --channel=""2808.1.413074860\480648709"" -childID 1 -isForBrowser -prefsHandle 2176 -prefMapHandle 2168 -prefsLen 3677 -prefMapSize 252743 -jsInit 844 286204 -parentBuildID 20210927210923 -appdir ""C:\Program Files\Mozilla Firefox\browser"" - 2808 ""\\.\pipe\gecko-crash-server-pipe.2808"" 2188 156bf648 tab
PID:560",127.0.0.1,IpChannelEvent,TcpIpSend,2021-10-09 16:24:10.181,2
"""C:\Program Files\Mozilla Firefox\firefox.exe"" -contentproc --channel=""2808.1.413074860\480648709"" -childID 1 -isForBrowser -prefsHandle 2176 -prefMapHandle 2168 -prefsLen 3677 -prefMapSize 252743 -jsInit 844 286204 -parentBuildID 20210927210923 -appdir ""C:\Program Files\Mozilla Firefox\browser"" - 2808 ""\\.\pipe\gecko-crash-server-pipe.2808"" 2188 156bf648 tab
PID:560",127.0.0.1,IpChannelEvent,TcpIpSend,2021-10-09 16:24:14.24,1103
"""C:\Program Files\Mozilla Firefox\firefox.exe"" -contentproc --channel=""2808.1.413074860\480648709"" -childID 1 -isForBrowser -prefsHandle 2176 -prefMapHandle 2168 -prefsLen 3677 -prefMapSize 252743 -jsInit 844 286204 -parentBuildID 20210927210923 -appdir ""C:\Program Files\Mozilla Firefox\browser"" - 2808 ""\\.\pipe\gecko-crash-server-pipe.2808"" 2188 156bf648 tab
PID:560",127.0.0.1,IpChannelEvent,TcpIpAccept,2021-10-09 16:24:10.181,0
127.0.0.1,"""C:\Program Files\Mozilla Firefox\firefox.exe"" -contentproc --channel=""2808.1.413074860\480648709"" -childID 1 -isForBrowser -prefsHandle 2176 -prefMapHandle 2168 -prefsLen 3677 -prefMapSize 252743 -jsInit 844 286204 -parentBuildID 20210927210923 -appdir ""C:\Program Files\Mozilla Firefox\browser"" - 2808 ""\\.\pipe\gecko-crash-server-pipe.2808"" 2188 156bf648 tab
PID:560",IpChannelEvent,TcpIpRecv,2021-10-09 16:24:10.181,2
127.0.0.1,"""C:\Program Files\Mozilla Firefox\firefox.exe"" -contentproc --channel=""2808.1.413074860\480648709"" -childID 1 -isForBrowser -prefsHandle 2176 -prefMapHandle 2168 -prefsLen 3677 -prefMapSize 252743 -jsInit 844 286204 -parentBuildID 20210927210923 -appdir ""C:\Program Files\Mozilla Firefox\browser"" - 2808 ""\\.\pipe\gecko-crash-server-pipe.2808"" 2188 156bf648 tab
PID:560",IpChannelEvent,TcpIpRecv,2021-10-09 16:24:14.24,1103
C:\Windows\Prefetch\FIREFOX.EXE-A606B53C.pf,"""C:\Program Files\Mozilla Firefox\firefox.exe"" -contentproc --channel=""2808.1.413074860\480648709"" -childID 1 -isForBrowser -prefsHandle 2176 -prefMapHandle 2168 -prefsLen 3677 -prefMapSize 252743 -jsInit 844 286204 -parentBuildID 20210927210923 -appdir ""C:\Program Files\Mozilla Firefox\browser"" - 2808 ""\\.\pipe\gecko-crash-server-pipe.2808"" 2188 156bf648 tab
PID:560",FileEvent,Read,2021-10-09 16:24:10.8,61006
C:\Program Files\Mozilla Firefox\dependentlibs.list,"""C:\Program Files\Mozilla Firefox\firefox.exe"" -contentproc --channel=""2808.1.413074860\480648709"" -childID 1 -isForBrowser -prefsHandle 2176 -prefMapHandle 2168 -prefsLen 3677 -prefMapSize 252743 -jsInit 844 286204 -parentBuildID 20210927210923 -appdir ""C:\Program Files\Mozilla Firefox\browser"" - 2808 ""\\.\pipe\gecko-crash-server-pipe.2808"" 2188 156bf648 tab
PID:560",FileEvent,Read,2021-10-09 16:24:10.81,8192
C:\Windows\Prefetch\FIREFOX.EXE-A606B53C.pf,"""C:\Program Files\Mozilla Firefox\firefox.exe"" -contentproc --channel=""2808.8.11639272\1568452053"" -childID 3 -isForBrowser -prefsHandle 3604 -prefMapHandle 3600 -prefsLen 9770 -prefMapSize 252743 -jsInit 844 286204 -parentBuildID 20210927210923 -appdir ""C:\Program Files\Mozilla Firefox\browser"" - 2808 ""\\.\pipe\gecko-crash-server-pipe.2808"" 3616 1caa4f78 tab
PID:596",FileEvent,Read,2021-10-09 16:24:12.755,61006
C:\Program Files\Mozilla Firefox\dependentlibs.list,"""C:\Program Files\Mozilla Firefox\firefox.exe"" -contentproc --channel=""2808.8.11639272\1568452053"" -childID 3 -isForBrowser -prefsHandle 3604 -prefMapHandle 3600 -prefsLen 9770 -prefMapSize 252743 -jsInit 844 286204 -parentBuildID 20210927210923 -appdir ""C:\Program Files\Mozilla Firefox\browser"" - 2808 ""\\.\pipe\gecko-crash-server-pipe.2808"" 3616 1caa4f78 tab
PID:596",FileEvent,Read,2021-10-09 16:24:12.764,8192
"""C:\Program Files\Mozilla Firefox\firefox.exe"" -contentproc --channel=""2808.8.11639272\1568452053"" -childID 3 -isForBrowser -prefsHandle 3604 -prefMapHandle 3600 -prefsLen 9770 -prefMapSize 252743 -jsInit 844 286204 -parentBuildID 20210927210923 -appdir ""C:\Program Files\Mozilla Firefox\browser"" - 2808 ""\\.\pipe\gecko-crash-server-pipe.2808"" 3616 1caa4f78 tab
PID:596",127.0.0.1,IpChannelEvent,TcpIpConnect,2021-10-09 16:24:12.784,0
"""C:\Program Files\Mozilla Firefox\firefox.exe"" -contentproc --channel=""2808.8.11639272\1568452053"" -childID 3 -isForBrowser -prefsHandle 3604 -prefMapHandle 3600 -prefsLen 9770 -prefMapSize 252743 -jsInit 844 286204 -parentBuildID 20210927210923 -appdir ""C:\Program Files\Mozilla Firefox\browser"" - 2808 ""\\.\pipe\gecko-crash-server-pipe.2808"" 3616 1caa4f78 tab
PID:596",127.0.0.1,IpChannelEvent,TcpIpSend,2021-10-09 16:24:12.784,2
"""C:\Program Files\Mozilla Firefox\firefox.exe"" -contentproc --channel=""2808.8.11639272\1568452053"" -childID 3 -isForBrowser -prefsHandle 3604 -prefMapHandle 3600 -prefsLen 9770 -prefMapSize 252743 -jsInit 844 286204 -parentBuildID 20210927210923 -appdir ""C:\Program Files\Mozilla Firefox\browser"" - 2808 ""\\.\pipe\gecko-crash-server-pipe.2808"" 3616 1caa4f78 tab
PID:596",127.0.0.1,IpChannelEvent,TcpIpAccept,2021-10-09 16:24:12.784,0
127.0.0.1,"""C:\Program Files\Mozilla Firefox\firefox.exe"" -contentproc --channel=""2808.8.11639272\1568452053"" -childID 3 -isForBrowser -prefsHandle 3604 -prefMapHandle 3600 -prefsLen 9770 -prefMapSize 252743 -jsInit 844 286204 -parentBuildID 20210927210923 -appdir ""C:\Program Files\Mozilla Firefox\browser"" - 2808 ""\\.\pipe\gecko-crash-server-pipe.2808"" 3616 1caa4f78 tab
PID:596",IpChannelEvent,TcpIpRecv,2021-10-09 16:24:12.784,2
C:\Windows\Prefetch\FIREFOX.EXE-A606B53C.pf,"""C:\Program Files\Mozilla Firefox\firefox.exe"" -contentproc --channel=""2808.5.405009364\925323777"" -parentBuildID 20210927210923 -prefsHandle 1488 -prefMapHandle 2220 -prefsLen 9770 -prefMapSize 252743 -appdir ""C:\Program Files\Mozilla Firefox\browser"" - 2808 ""\\.\pipe\gecko-crash-server-pipe.2808"" 1508 cfb3a78 rdd
PID:3072",FileEvent,Read,2021-10-09 16:24:12.533,61006
C:\Program Files\Mozilla Firefox\dependentlibs.list,"""C:\Program Files\Mozilla Firefox\firefox.exe"" -contentproc --channel=""2808.5.405009364\925323777"" -parentBuildID 20210927210923 -prefsHandle 1488 -prefMapHandle 2220 -prefsLen 9770 -prefMapSize 252743 -appdir ""C:\Program Files\Mozilla Firefox\browser"" - 2808 ""\\.\pipe\gecko-crash-server-pipe.2808"" 1508 cfb3a78 rdd
PID:3072",FileEvent,Read,2021-10-09 16:24:12.546,8192
"""C:\Program Files\Mozilla Firefox\firefox.exe"" -contentproc --channel=""2808.3.2037829142\787873349"" -childID 2 -isForBrowser -prefsHandle 2576 -prefMapHandle 2572 -prefsLen 9071 -prefMapSize 252743 -jsInit 844 286204 -parentBuildID 20210927210923 -appdir ""C:\Program Files\Mozilla Firefox\browser"" - 2808 ""\\.\pipe\gecko-crash-server-pipe.2808"" 2588 1a335e28 tab
PID:3860",127.0.0.1,IpChannelEvent,TcpIpAccept,2021-10-09 16:24:11.993,0
127.0.0.1,"""C:\Program Files\Mozilla Firefox\firefox.exe"" -contentproc --channel=""2808.3.2037829142\787873349"" -childID 2 -isForBrowser -prefsHandle 2576 -prefMapHandle 2572 -prefsLen 9071 -prefMapSize 252743 -jsInit 844 286204 -parentBuildID 20210927210923 -appdir ""C:\Program Files\Mozilla Firefox\browser"" - 2808 ""\\.\pipe\gecko-crash-server-pipe.2808"" 2588 1a335e28 tab
PID:3860",IpChannelEvent,TcpIpRecv,2021-10-09 16:24:11.993,46
"""C:\Program Files\Mozilla Firefox\firefox.exe"" -contentproc --channel=""2808.3.2037829142\787873349"" -childID 2 -isForBrowser -prefsHandle 2576 -prefMapHandle 2572 -prefsLen 9071 -prefMapSize 252743 -jsInit 844 286204 -parentBuildID 20210927210923 -appdir ""C:\Program Files\Mozilla Firefox\browser"" - 2808 ""\\.\pipe\gecko-crash-server-pipe.2808"" 2588 1a335e28 tab
PID:3860",127.0.0.1,IpChannelEvent,TcpIpConnect,2021-10-09 16:24:11.993,0
"""C:\Program Files\Mozilla Firefox\firefox.exe"" -contentproc --channel=""2808.3.2037829142\787873349"" -childID 2 -isForBrowser -prefsHandle 2576 -prefMapHandle 2572 -prefsLen 9071 -prefMapSize 252743 -jsInit 844 286204 -parentBuildID 20210927210923 -appdir ""C:\Program Files\Mozilla Firefox\browser"" - 2808 ""\\.\pipe\gecko-crash-server-pipe.2808"" 2588 1a335e28 tab
PID:3860",127.0.0.1,IpChannelEvent,TcpIpSend,2021-10-09 16:24:11.993,46
C:\Windows\Prefetch\FIREFOX.EXE-A606B53C.pf,"""C:\Program Files\Mozilla Firefox\firefox.exe"" -contentproc --channel=""2808.3.2037829142\787873349"" -childID 2 -isForBrowser -prefsHandle 2576 -prefMapHandle 2572 -prefsLen 9071 -prefMapSize 252743 -jsInit 844 286204 -parentBuildID 20210927210923 -appdir ""C:\Program Files\Mozilla Firefox\browser"" - 2808 ""\\.\pipe\gecko-crash-server-pipe.2808"" 2588 1a335e28 tab
PID:3860",FileEvent,Read,2021-10-09 16:24:11.827,61006
C:\Program Files\Mozilla Firefox\dependentlibs.list,"""C:\Program Files\Mozilla Firefox\firefox.exe"" -contentproc --channel=""2808.3.2037829142\787873349"" -childID 2 -isForBrowser -prefsHandle 2576 -prefMapHandle 2572 -prefsLen 9071 -prefMapSize 252743 -jsInit 844 286204 -parentBuildID 20210927210923 -appdir ""C:\Program Files\Mozilla Firefox\browser"" - 2808 ""\\.\pipe\gecko-crash-server-pipe.2808"" 2588 1a335e28 tab
PID:3860",FileEvent,Read,2021-10-09 16:24:11.891,8192
"""C:\Program Files\Mozilla Firefox\firefox.exe"" -contentproc --channel=""2808.3.2037829142\787873349"" -childID 2 -isForBrowser -prefsHandle 2576 -prefMapHandle 2572 -prefsLen 9071 -prefMapSize 252743 -jsInit 844 286204 -parentBuildID 20210927210923 -appdir ""C:\Program Files\Mozilla Firefox\browser"" - 2808 ""\\.\pipe\gecko-crash-server-pipe.2808"" 2588 1a335e28 tab
PID:3860",C:\Users\jpdz\AppData\Local\Temp\mozilla-temp-files\mozilla-temp-41,FileEvent,Write,2021-10-09 16:24:12.532,98304
C:\Users\jpdz\AppData\Local\Temp\mozilla-temp-files\mozilla-temp-41,"""C:\Program Files\Mozilla Firefox\firefox.exe"" -contentproc --channel=""2808.3.2037829142\787873349"" -childID 2 -isForBrowser -prefsHandle 2576 -prefMapHandle 2572 -prefsLen 9071 -prefMapSize 252743 -jsInit 844 286204 -parentBuildID 20210927210923 -appdir ""C:\Program Files\Mozilla Firefox\browser"" - 2808 ""\\.\pipe\gecko-crash-server-pipe.2808"" 2588 1a335e28 tab
PID:3860",FileEvent,Read,2021-10-09 16:24:12.593,14814
C:\Windows\Prefetch\FIREFOX.EXE-A606B53C.pf,"""C:\Program Files\Mozilla Firefox\firefox.exe"" -contentproc --channel=""2808.0.419698110\1917328120"" -parentBuildID 20210927210923 -prefsHandle 1016 -prefMapHandle 988 -prefsLen 1 -prefMapSize 252743 -appdir ""C:\Program Files\Mozilla Firefox\browser"" - 2808 ""\\.\pipe\gecko-crash-server-pipe.2808"" 1088 cfb43d8 gpu
PID:3720",FileEvent,Read,2021-10-09 16:24:09.692,61006
C:\Program Files\Mozilla Firefox\dependentlibs.list,"""C:\Program Files\Mozilla Firefox\firefox.exe"" -contentproc --channel=""2808.0.419698110\1917328120"" -parentBuildID 20210927210923 -prefsHandle 1016 -prefMapHandle 988 -prefsLen 1 -prefMapSize 252743 -appdir ""C:\Program Files\Mozilla Firefox\browser"" - 2808 ""\\.\pipe\gecko-crash-server-pipe.2808"" 1088 cfb43d8 gpu
PID:3720",FileEvent,Read,2021-10-09 16:24:09.697,8192
